# ####################################################################
# Bridge function for Gamma = 160.0 
# -----------------------------------------------------------------
#      r/d		      B(r/d)		  sigma[B(r/d)]		 
# -----------------------------------------------------------------
  1.90000000e-02	 -4.52658271e+01	  3.35814003e-01
  2.90000000e-02	 -4.41034368e+01	  1.04651661e-01
  3.90000000e-02	 -4.38201410e+01	  9.13378129e-02
  4.90000000e-02	 -4.37368300e+01	  6.04949764e-02
  5.90000000e-02	 -4.37216334e+01	  4.46111412e-02
  6.90000000e-02	 -4.36162783e+01	  4.69098227e-02
  7.90000000e-02	 -4.35081704e+01	  3.48943900e-02
  8.90000000e-02	 -4.33839157e+01	  3.05116902e-02
  9.90000000e-02	 -4.32937865e+01	  2.71596315e-02
  1.09000000e-01	 -4.31212170e+01	  2.53689605e-02
  1.19000000e-01	 -4.29927621e+01	  2.26839238e-02
  1.29000000e-01	 -4.27897377e+01	  2.19158943e-02
  1.39000000e-01	 -4.26515085e+01	  2.33813338e-02
  1.49000000e-01	 -4.24697134e+01	  1.85492482e-02
  1.59000000e-01	 -4.22574481e+01	  1.81662458e-02
  1.69000000e-01	 -4.20736441e+01	  2.06814463e-02
  1.79000000e-01	 -4.18530419e+01	  2.00039827e-02
  1.89000000e-01	 -4.16394917e+01	  1.97123257e-02
  1.99000000e-01	 -4.14008176e+01	  2.95710769e-02
  2.09000000e-01	 -4.11136933e+01	  2.36154331e-02
  2.19000000e-01	 -4.08843408e+01	  2.36984689e-02
  2.29000000e-01	 -4.06149306e+01	  2.61552047e-02
  2.39000000e-01	 -4.03365124e+01	  2.25960421e-02
  2.49000000e-01	 -4.00487026e+01	  2.47186969e-02
  2.59000000e-01	 -3.97934097e+01	  2.12164023e-02
  2.69000000e-01	 -3.94795960e+01	  2.27277065e-02
  2.79000000e-01	 -3.92015166e+01	  2.12346229e-02
  2.89000000e-01	 -3.88964239e+01	  2.06136994e-02
  2.99000000e-01	 -3.85892846e+01	  1.85252601e-02
  3.09000000e-01	 -3.82783724e+01	  2.09415597e-02
  3.19000000e-01	 -3.79458556e+01	  1.73379140e-02
  3.29000000e-01	 -3.76187211e+01	  1.70268754e-02
  3.39000000e-01	 -3.72712089e+01	  1.70089389e-02
  3.49000000e-01	 -3.69325375e+01	  1.68955528e-02
  3.59000000e-01	 -3.66012052e+01	  1.88229572e-02
  3.69000000e-01	 -3.62659391e+01	  1.75157643e-02
  3.79000000e-01	 -3.58861375e+01	  1.67738092e-02
  3.89000000e-01	 -3.55542665e+01	  1.64387807e-02
  3.99000000e-01	 -3.51761490e+01	  4.84565967e-02
  4.09000000e-01	 -3.47895372e+01	  4.21433162e-02
  4.19000000e-01	 -3.44333826e+01	  3.20623300e-02
  4.29000000e-01	 -3.40863495e+01	  2.81772205e-02
  4.39000000e-01	 -3.37241063e+01	  3.81106226e-02
  4.49000000e-01	 -3.33520361e+01	  3.15797770e-02
  4.59000000e-01	 -3.29690522e+01	  3.05869889e-02
  4.69000000e-01	 -3.26101797e+01	  2.67578430e-02
  4.79000000e-01	 -3.22195497e+01	  2.63020716e-02
  4.89000000e-01	 -3.18459199e+01	  3.50870798e-02
  4.99000000e-01	 -3.15022794e+01	  2.73402786e-02
  5.09000000e-01	 -3.10858776e+01	  2.30796247e-02
  5.19000000e-01	 -3.06649248e+01	  2.80517620e-02
  5.29000000e-01	 -3.03798947e+01	  2.87059083e-02
  5.39000000e-01	 -2.99704004e+01	  2.38304963e-02
  5.49000000e-01	 -2.95923818e+01	  2.82194684e-02
  5.59000000e-01	 -2.91763588e+01	  2.12627514e-02
  5.69000000e-01	 -2.87935224e+01	  2.19807611e-02
  5.79000000e-01	 -2.84171058e+01	  2.50221590e-02
  5.89000000e-01	 -2.80146904e+01	  2.25891863e-02
  5.99000000e-01	 -2.76422799e+01	  1.99131177e-02
  6.09000000e-01	 -2.72832152e+01	  2.06207768e-02
  6.19000000e-01	 -2.69059667e+01	  2.33802297e-02
  6.29000000e-01	 -2.64912158e+01	  1.98964589e-02
  6.39000000e-01	 -2.61022686e+01	  2.25730260e-02
  6.49000000e-01	 -2.57191802e+01	  1.94049844e-02
  6.59000000e-01	 -2.53431839e+01	  1.88284429e-02
  6.69000000e-01	 -2.49552102e+01	  1.72643709e-02
  6.79000000e-01	 -2.46188488e+01	  1.85589957e-02
  6.89000000e-01	 -2.42643311e+01	  1.76462005e-02
  6.99000000e-01	 -2.38364300e+01	  1.85790034e-02
  7.09000000e-01	 -2.34620787e+01	  1.91927476e-02
  7.19000000e-01	 -2.30922695e+01	  1.89122016e-02
  7.29000000e-01	 -2.27074744e+01	  1.86521354e-02
  7.39000000e-01	 -2.23416504e+01	  1.79640674e-02
  7.49000000e-01	 -2.19693968e+01	  1.61657620e-02
  7.59000000e-01	 -2.16084810e+01	  1.68863458e-02
  7.69000000e-01	 -2.12559964e+01	  1.57770858e-02
  7.79000000e-01	 -2.08510888e+01	  1.58915221e-02
  7.89000000e-01	 -2.05124331e+01	  1.63086429e-02
  7.99000000e-01	 -2.01565457e+01	  4.64214775e-02
  8.09000000e-01	 -1.97993053e+01	  4.42840742e-02
  8.19000000e-01	 -1.94429893e+01	  3.21986555e-02
  8.29000000e-01	 -1.90640619e+01	  3.37393820e-02
  8.39000000e-01	 -1.86783136e+01	  3.35997240e-02
  8.49000000e-01	 -1.83827757e+01	  3.69185562e-02
  8.59000000e-01	 -1.80179564e+01	  2.88559622e-02
  8.69000000e-01	 -1.76899790e+01	  3.19755469e-02
  8.79000000e-01	 -1.72887297e+01	  2.16352237e-02
  8.89000000e-01	 -1.69896545e+01	  3.13387247e-02
  8.99000000e-01	 -1.66302559e+01	  3.06406625e-02
  9.09000000e-01	 -1.62561563e+01	  2.46669297e-02
  9.19000000e-01	 -1.59648043e+01	  1.82959563e-02
  9.29000000e-01	 -1.56452158e+01	  2.51902636e-02
  9.39000000e-01	 -1.53139751e+01	  1.95726137e-02
  9.49000000e-01	 -1.49971013e+01	  2.45915914e-02
  9.59000000e-01	 -1.46891028e+01	  2.42273870e-02
  9.69000000e-01	 -1.43789468e+01	  2.11635442e-02
  9.79000000e-01	 -1.40600417e+01	  2.24770056e-02
  9.89000000e-01	 -1.37686682e+01	  2.26592134e-02
  9.99000000e-01	 -1.34915799e+01	  1.89184599e-02
  1.00900000e+00	 -1.31763454e+01	  2.00941304e-02
  1.01900000e+00	 -1.28969111e+01	  1.67713534e-02
  1.02900000e+00	 -1.25873125e+01	  1.67411534e-02
  1.03900000e+00	 -1.22797892e+01	  1.87319412e-02
  1.04900000e+00	 -1.19681677e+01	  1.80205905e-02
  1.05900000e+00	 -1.17016025e+01	  1.67030723e-02
  1.06900000e+00	 -1.14080251e+01	  1.66886552e-02
  1.07900000e+00	 -1.11295322e+01	  1.51797111e-02
  1.08900000e+00	 -1.08566260e+01	  1.44027027e-02
  1.09900000e+00	 -1.05573329e+01	  1.44193553e-02
  1.10900000e+00	 -1.03080575e+01	  1.51982912e-02
  1.11900000e+00	 -1.00467459e+01	  1.62419498e-02
  1.12900000e+00	 -9.77971165e+00	  1.51837332e-02
  1.13900000e+00	 -9.52892710e+00	  1.35435741e-02
  1.14900000e+00	 -9.25065332e+00	  1.39470282e-02
  1.15900000e+00	 -8.99613520e+00	  1.46542709e-02
  1.16900000e+00	 -8.75595207e+00	  1.49940369e-02
  1.17900000e+00	 -8.50451475e+00	  1.34561736e-02
  1.18900000e+00	 -8.26816954e+00	  1.43183480e-02
  1.19900000e+00	 -8.00762273e+00	  1.27196460e-02
  1.20900000e+00	 -7.77599529e+00	  1.28808885e-02
  1.21900000e+00	 -7.54086719e+00	  1.25481349e-02
  1.22900000e+00	 -7.31887035e+00	  1.36182290e-02
  1.23900000e+00	 -7.09833444e+00	  1.28214405e-02
  1.24900000e+00	 -6.89263212e+00	  1.08578354e-02
  1.25900000e+00	 -6.67232972e+00	  1.08150976e-02
  1.26900000e+00	 -6.43924995e+00	  1.07771417e-02
  1.27900000e+00	 -6.23804542e+00	  1.07324146e-02
  1.28900000e+00	 -6.03135661e+00	  1.06891834e-02
  1.29900000e+00	 -5.82765317e+00	  1.06481777e-02
  1.30900000e+00	 -5.63261103e+00	  1.06066348e-02
  1.31900000e+00	 -5.43813470e+00	  1.05616143e-02
  1.32900000e+00	 -5.24653667e+00	  1.05232368e-02
  1.33900000e+00	 -5.05900579e+00	  1.04785137e-02
  1.34900000e+00	 -4.87830399e+00	  1.04345559e-02
  1.35900000e+00	 -4.70010608e+00	  1.03924043e-02
  1.36900000e+00	 -4.52303045e+00	  1.03445192e-02
  1.37900000e+00	 -4.35012471e+00	  1.03047528e-02
  1.38900000e+00	 -4.18264830e+00	  1.02651782e-02
  1.39900000e+00	 -4.01937029e+00	  1.02130049e-02
  1.40900000e+00	 -3.85908249e+00	  1.01801127e-02
  1.41900000e+00	 -3.70184720e+00	  1.01298461e-02
  1.42900000e+00	 -3.54884539e+00	  1.00850365e-02
  1.43900000e+00	 -3.39888592e+00	  1.00508288e-02
  1.44900000e+00	 -3.25469301e+00	  1.00034182e-02
  1.45900000e+00	 -3.11214283e+00	  9.94650248e-03
  1.46900000e+00	 -2.97402322e+00	  9.91307467e-03
  1.47900000e+00	 -2.83902338e+00	  9.87214494e-03
  1.48900000e+00	 -2.70762312e+00	  9.83498012e-03
  1.49900000e+00	 -2.58017466e+00	  9.77469816e-03
  1.50900000e+00	 -2.45606248e+00	  8.61065575e-03
  1.51900000e+00	 -2.33515001e+00	  8.58242709e-03
  1.52900000e+00	 -2.21879143e+00	  8.49893707e-03
  1.53900000e+00	 -2.10461980e+00	  8.44880680e-03
  1.54900000e+00	 -1.99444646e+00	  8.40639878e-03
  1.55900000e+00	 -1.88761037e+00	  8.35785036e-03
  1.56900000e+00	 -1.78471954e+00	  8.29469441e-03
  1.57900000e+00	 -1.68436752e+00	  8.23906627e-03
  1.58900000e+00	 -1.58769996e+00	  8.20893807e-03
  1.59900000e+00	 -1.49415592e+00	  8.14591577e-03
  1.60900000e+00	 -1.40393729e+00	  8.08817629e-03
  1.61900000e+00	 -1.31711982e+00	  8.03836131e-03
  1.62900000e+00	 -1.23326954e+00	  7.97913124e-03
  1.63900000e+00	 -1.15247226e+00	  7.92618278e-03
  1.64900000e+00	 -1.07493362e+00	  7.87701110e-03
  1.65900000e+00	 -1.00029466e+00	  7.83323109e-03
  1.66900000e+00	 -9.28711185e-01	  7.77117540e-03
  1.67900000e+00	 -8.59974565e-01	  7.72151462e-03
  1.68900000e+00	 -7.94349818e-01	  7.65699150e-03
  1.69900000e+00	 -7.31624196e-01	  7.62741890e-03
  1.70900000e+00	 -6.71517549e-01	  7.55080140e-03
  1.71900000e+00	 -6.14089990e-01	  7.52164676e-03
  1.72900000e+00	 -5.59682415e-01	  7.46078958e-03
  1.73900000e+00	 -5.07967935e-01	  7.41615752e-03
  1.74900000e+00	 -4.58625952e-01	  7.34519805e-03
  1.75900000e+00	 -4.11898416e-01	  7.31079779e-03
  1.76900000e+00	 -3.67691626e-01	  7.24129780e-03
  1.77900000e+00	 -3.25813115e-01	  7.18784540e-03
  1.78900000e+00	 -2.86411234e-01	  7.13990062e-03
  1.79900000e+00	 -2.49417085e-01	  7.08879082e-03
  1.80900000e+00	 -2.14430788e-01	  7.02912743e-03
  1.81900000e+00	 -1.81945737e-01	  6.97772011e-03
  1.82900000e+00	 -1.51545965e-01	  6.92695009e-03
  1.83900000e+00	 -1.23248231e-01	  6.87147720e-03
  1.84900000e+00	 -9.67978027e-02	  6.81502892e-03
  1.85900000e+00	 -7.23050058e-02	  6.76031981e-03
  1.86900000e+00	 -4.96581678e-02	  6.70723925e-03
  1.87900000e+00	 -2.90533838e-02	  6.66022047e-03
  1.88900000e+00	 -9.95790611e-03	  6.61083720e-03
  1.89900000e+00	  7.25625082e-03	  6.54249586e-03
  1.90900000e+00	  2.27038631e-02	  6.49793349e-03
  1.91900000e+00	  3.70995385e-02	  6.44622370e-03
  1.92900000e+00	  4.93221170e-02	  6.39242821e-03
  1.93900000e+00	  6.03295133e-02	  6.32220901e-03
  1.94900000e+00	  7.02288424e-02	  6.28937949e-03
  1.95900000e+00	  7.84374166e-02	  6.21597483e-03
  1.96900000e+00	  8.57681214e-02	  6.16167866e-03
  1.97900000e+00	  9.17548290e-02	  6.12799033e-03
  1.98900000e+00	  9.63763077e-02	  6.05590424e-03
  1.99900000e+00	  1.00210380e-01	  6.01554988e-03
  2.00900000e+00	  1.03037905e-01	  5.94695365e-03
  2.01900000e+00	  1.04509487e-01	  5.89189196e-03
  2.02900000e+00	  1.05268724e-01	  5.84978330e-03
  2.03900000e+00	  1.05709056e-01	  5.78941569e-03
  2.04900000e+00	  1.05107193e-01	  5.72862978e-03
  2.05900000e+00	  1.03306535e-01	  5.69442430e-03
  2.06900000e+00	  1.01196841e-01	  5.63874678e-03
  2.07900000e+00	  9.85109665e-02	  5.57732105e-03
  2.08900000e+00	  9.52180129e-02	  5.50939820e-03
  2.09900000e+00	  9.14238660e-02	  5.46276010e-03
  2.10900000e+00	  8.70052419e-02	  5.39817063e-03
  2.11900000e+00	  8.25530098e-02	  5.37721600e-03
  2.12900000e+00	  7.74211118e-02	  5.29930235e-03
  2.13900000e+00	  7.19512299e-02	  5.24385094e-03
  2.14900000e+00	  6.64999263e-02	  5.21187588e-03
  2.15900000e+00	  6.04843176e-02	  5.14278084e-03
  2.16900000e+00	  5.42282410e-02	  5.08065977e-03
  2.17900000e+00	  4.81316052e-02	  5.04229333e-03
  2.18900000e+00	  4.16925814e-02	  4.99730118e-03
  2.19900000e+00	  3.51090064e-02	  4.93793204e-03
  2.20900000e+00	  2.90454036e-02	  4.88496878e-03
  2.21900000e+00	  2.25721706e-02	  4.83849032e-03
  2.22900000e+00	  1.58699470e-02	  4.77815569e-03
  2.23900000e+00	  9.40297315e-03	  4.72216958e-03
  2.24900000e+00	  2.81970823e-03	  4.65776515e-03
  2.25900000e+00	 -3.27880435e-03	  4.59681977e-03
  2.26900000e+00	 -9.60695196e-03	  4.56059150e-03
  2.27900000e+00	 -1.56508290e-02	  4.51518845e-03
  2.28900000e+00	 -2.14388308e-02	  4.45362947e-03
  2.29900000e+00	 -2.72497945e-02	  4.40639325e-03
  2.30900000e+00	 -3.24812294e-02	  4.36070021e-03
  2.31900000e+00	 -3.80887609e-02	  4.29525584e-03
  2.32900000e+00	 -4.26409845e-02	  4.25342654e-03
  2.33900000e+00	 -4.73456057e-02	  4.18019422e-03
  2.34900000e+00	 -5.20955339e-02	  4.15553515e-03
  2.35900000e+00	 -5.62340197e-02	  4.10019829e-03
  2.36900000e+00	 -6.03093252e-02	  4.04543125e-03
  2.37900000e+00	 -6.37014368e-02	  3.99277412e-03
  2.38900000e+00	 -6.66874458e-02	  3.91572669e-03
  2.39900000e+00	 -7.00226830e-02	  3.87841082e-03
  2.40900000e+00	 -7.26000305e-02	  3.83060664e-03
  2.41900000e+00	 -7.49232548e-02	  3.79822264e-03
  2.42900000e+00	 -7.67126901e-02	  3.71772381e-03
  2.43900000e+00	 -7.84220165e-02	  3.68147196e-03
  2.44900000e+00	 -8.00881742e-02	  3.62777236e-03
  2.45900000e+00	 -8.12309900e-02	  3.58612408e-03
  2.46900000e+00	 -8.21192776e-02	  3.50793049e-03
  2.47900000e+00	 -8.23900217e-02	  3.48555538e-03
  2.48900000e+00	 -8.28873218e-02	  3.43093589e-03
  2.49900000e+00	 -8.25594624e-02	  3.38755577e-03
  2.50900000e+00	 -8.21517464e-02	  3.34039836e-03
  2.51900000e+00	 -8.16731029e-02	  3.30362160e-03
  2.52900000e+00	 -8.05733719e-02	  3.24253921e-03
  2.53900000e+00	 -7.96800146e-02	  3.19488181e-03
  2.54900000e+00	 -7.81396937e-02	  3.14353909e-03
  2.55900000e+00	 -7.63580976e-02	  3.09692198e-03
  2.56900000e+00	 -7.44142725e-02	  3.04901366e-03
  2.57900000e+00	 -7.25478770e-02	  2.99994537e-03
  2.58900000e+00	 -7.06388246e-02	  2.95131088e-03
  2.59900000e+00	 -6.82448670e-02	  2.92683111e-03
  2.60900000e+00	 -6.53353732e-02	  2.86379353e-03
  2.61900000e+00	 -6.27282014e-02	  2.81889773e-03
  2.62900000e+00	 -5.98591000e-02	  2.77609766e-03
  2.63900000e+00	 -5.67643356e-02	  2.71621114e-03
  2.64900000e+00	 -5.37593240e-02	  2.66588458e-03
  2.65900000e+00	 -5.04048914e-02	  2.60841004e-03
  2.66900000e+00	 -4.70955807e-02	  2.58219770e-03
  2.67900000e+00	 -4.37327850e-02	  2.52901930e-03
  2.68900000e+00	 -4.07682943e-02	  2.47600201e-03
  2.69900000e+00	 -3.72353271e-02	  2.44206810e-03
  2.70900000e+00	 -3.39291461e-02	  2.39656863e-03
  2.71900000e+00	 -3.03732595e-02	  2.35269419e-03
  2.72900000e+00	 -2.70242429e-02	  2.31490467e-03
  2.73900000e+00	 -2.37598863e-02	  2.26643626e-03
  2.74900000e+00	 -2.05613874e-02	  2.22676628e-03
  2.75900000e+00	 -1.75711179e-02	  2.17058094e-03
  2.76900000e+00	 -1.42436641e-02	  2.13437518e-03
  2.77900000e+00	 -1.13358659e-02	  2.09057127e-03
  2.78900000e+00	 -8.41524554e-03	  2.05199776e-03
  2.79900000e+00	 -5.75251002e-03	  2.00172190e-03
  2.80900000e+00	 -3.18785141e-03	  1.97230062e-03
  2.81900000e+00	 -6.28957663e-04	  1.91672428e-03
  2.82900000e+00	  1.47745401e-03	  1.88320510e-03
  2.83900000e+00	  3.82968328e-03	  1.83691558e-03
  2.84900000e+00	  5.63737646e-03	  1.80660036e-03
  2.85900000e+00	  7.21119279e-03	  1.76228405e-03
  2.86900000e+00	  8.91589735e-03	  1.72243322e-03
  2.87900000e+00	  1.02989078e-02	  1.67874549e-03
  2.88900000e+00	  1.16901039e-02	  1.64921334e-03
  2.89900000e+00	  1.25561477e-02	  1.60729065e-03
  2.90900000e+00	  1.32891646e-02	  1.56902440e-03
  2.91900000e+00	  1.36531063e-02	  1.52266712e-03
  2.92900000e+00	  1.39838098e-02	  1.49232348e-03
  2.93900000e+00	  1.39855228e-02	  1.44824819e-03
  2.94900000e+00	  1.37789012e-02	  1.42372338e-03
  2.95900000e+00	  1.35432770e-02	  1.38413181e-03
  2.96900000e+00	  1.29143286e-02	  1.35437845e-03
  2.97900000e+00	  1.20421301e-02	  1.32027033e-03
  2.98900000e+00	  1.10729022e-02	  1.28753521e-03
  2.99900000e+00	  9.85494073e-03	  1.26153599e-03
  3.00900000e+00	  8.41016610e-03	  1.21867485e-03
  3.01900000e+00	  7.17401025e-03	  1.18811901e-03
  3.02900000e+00	  5.31160157e-03	  1.16188089e-03
  3.03900000e+00	  3.55949972e-03	  1.12799315e-03
  3.04900000e+00	  1.67062130e-03	  1.10387551e-03
  3.05900000e+00	 -4.02393957e-04	  1.08390452e-03
  3.06900000e+00	 -2.68540084e-03	  1.04807077e-03
  3.07900000e+00	 -4.63832282e-03	  1.02903212e-03
  3.08900000e+00	 -6.91967386e-03	  9.95520708e-04
  3.09900000e+00	 -9.24966463e-03	  9.80816497e-04
  3.10900000e+00	 -1.17270702e-02	  9.62942754e-04
  3.11900000e+00	 -1.42450659e-02	  9.35702408e-04
  3.12900000e+00	 -1.64500108e-02	  9.10995588e-04
  3.13900000e+00	 -1.87722339e-02	  8.74788271e-04
  3.14900000e+00	 -2.10218853e-02	  8.73305153e-04
  3.15900000e+00	 -2.34550253e-02	  8.48057238e-04
  3.16900000e+00	 -2.55461828e-02	  8.48389832e-04
  3.17900000e+00	 -2.75480581e-02	  8.27408440e-04
  3.18900000e+00	 -2.95372835e-02	  8.16708951e-04
  3.19900000e+00	 -3.14911845e-02	  8.11390332e-04
  3.20900000e+00	 -3.32587799e-02	  7.94939702e-04
  3.21900000e+00	 -3.47168861e-02	  7.87660900e-04
  3.22900000e+00	 -3.58358590e-02	  7.92729509e-04
  3.23900000e+00	 -3.72797541e-02	  7.87901865e-04
  3.24900000e+00	 -3.83470852e-02	  7.76935388e-04
  3.25900000e+00	 -3.92723655e-02	  7.88556023e-04
  3.26900000e+00	 -3.96876734e-02	  7.85485225e-04
  3.27900000e+00	 -4.02675541e-02	  7.87739588e-04
  3.28900000e+00	 -4.06745423e-02	  7.86650297e-04
  3.29900000e+00	 -4.07183366e-02	  8.07443095e-04
  3.30900000e+00	 -4.05994422e-02	  8.04687916e-04
  3.31900000e+00	 -4.02867581e-02	  8.07963164e-04
  3.32900000e+00	 -3.97694238e-02	  8.19085750e-04
  3.33900000e+00	 -3.90207540e-02	  8.41200061e-04
  3.34900000e+00	 -3.83976237e-02	  8.51964419e-04
  3.35900000e+00	 -3.74416045e-02	  8.53069447e-04
  3.36900000e+00	 -3.60663711e-02	  8.76254173e-04
  3.37900000e+00	 -3.49906191e-02	  8.89744024e-04
  3.38900000e+00	 -3.34492702e-02	  9.03763686e-04
  3.39900000e+00	 -3.20291719e-02	  9.18371499e-04
  3.40900000e+00	 -3.03946223e-02	  9.34131218e-04
  3.41900000e+00	 -2.87986751e-02	  9.45242687e-04
  3.42900000e+00	 -2.70079243e-02	  9.73550199e-04
  3.43900000e+00	 -2.50694736e-02	  9.92328544e-04
  3.44900000e+00	 -2.32690274e-02	  1.01368737e-03
  3.45900000e+00	 -2.13088506e-02	  1.02254075e-03
  3.46900000e+00	 -1.94355927e-02	  1.04372585e-03
  3.47900000e+00	 -1.74360315e-02	  1.06085325e-03
  3.48900000e+00	 -1.54137769e-02	  1.08661328e-03
  3.49900000e+00	 -1.35323337e-02	  1.10195685e-03
  3.50900000e+00	 -1.18455649e-02	  1.11541028e-03
  3.51900000e+00	 -9.95821129e-03	  1.14672463e-03
  3.52900000e+00	 -8.15629337e-03	  1.16508318e-03
  3.53900000e+00	 -6.36729563e-03	  1.17773294e-03
  3.54900000e+00	 -4.91020051e-03	  1.19574599e-03
  3.55900000e+00	 -3.32999935e-03	  1.21565502e-03
  3.56900000e+00	 -1.90140858e-03	  1.23759960e-03
  3.57900000e+00	 -8.81920396e-04	  1.27194923e-03
  3.58900000e+00	  4.06299247e-04	  1.28402469e-03
  3.59900000e+00	  1.52474781e-03	  1.30943908e-03
  3.60900000e+00	  2.56973165e-03	  1.33816266e-03
  3.61900000e+00	  3.27694553e-03	  1.35636114e-03
  3.62900000e+00	  4.00355956e-03	  1.36912092e-03
  3.63900000e+00	  4.64011837e-03	  1.38530164e-03
  3.64900000e+00	  5.08631986e-03	  1.41307325e-03
  3.65900000e+00	  5.21056895e-03	  1.42497367e-03
  3.66900000e+00	  5.34256450e-03	  1.45119661e-03
  3.67900000e+00	  5.21508229e-03	  1.47341785e-03
  3.68900000e+00	  5.32938591e-03	  1.49231516e-03
  3.69900000e+00	  5.23614433e-03	  1.50725691e-03
  3.70900000e+00	  4.82070485e-03	  1.53592666e-03
  3.71900000e+00	  4.28523201e-03	  1.54050086e-03
  3.72900000e+00	  3.60159079e-03	  1.56486362e-03
  3.73900000e+00	  3.11108356e-03	  1.57919308e-03
  3.74900000e+00	  2.37951088e-03	  1.59538463e-03
  3.75900000e+00	  1.45437813e-03	  1.61683882e-03
  3.76900000e+00	  7.42915576e-04	  1.64121015e-03
  3.77900000e+00	 -2.97521411e-04	  1.64995087e-03
  3.78900000e+00	 -1.35457948e-03	  1.67089914e-03
  3.79900000e+00	 -2.31614254e-03	  1.68989331e-03
  3.80900000e+00	 -3.20367991e-03	  1.72312774e-03
  3.81900000e+00	 -4.60946390e-03	  1.72783349e-03
  3.82900000e+00	 -5.62147295e-03	  1.73910991e-03
  3.83900000e+00	 -6.83482812e-03	  1.75655177e-03
  3.84900000e+00	 -8.05648113e-03	  1.78105375e-03
  3.85900000e+00	 -8.89914201e-03	  1.80087127e-03
  3.86900000e+00	 -1.01484672e-02	  1.82405654e-03
  3.87900000e+00	 -1.12913809e-02	  1.83275011e-03
  3.88900000e+00	 -1.22813166e-02	  1.83888988e-03
  3.89900000e+00	 -1.32729505e-02	  1.85858090e-03
  3.90900000e+00	 -1.42938775e-02	  1.86787051e-03
  3.91900000e+00	 -1.52964093e-02	  1.89381699e-03
  3.92900000e+00	 -1.62872285e-02	  1.90253261e-03
  3.93900000e+00	 -1.69455573e-02	  1.92455772e-03
  3.94900000e+00	 -1.76565961e-02	  1.93169423e-03
  3.95900000e+00	 -1.83260060e-02	  1.95323994e-03
  3.96900000e+00	 -1.90175517e-02	  1.96727792e-03
  3.97900000e+00	 -1.94060157e-02	  1.97963146e-03
  3.98900000e+00	 -1.98532489e-02	  1.99116249e-03
  3.99900000e+00	 -2.02270061e-02	  1.99809437e-03
  4.00900000e+00	 -2.06493795e-02	  2.01681914e-03
  4.01900000e+00	 -2.08509869e-02	  2.03459880e-03
  4.02900000e+00	 -2.09598658e-02	  2.06073263e-03
  4.03900000e+00	 -2.11023580e-02	  2.06449492e-03
  4.04900000e+00	 -2.09236015e-02	  2.07749754e-03
  4.05900000e+00	 -2.08594270e-02	  2.09546955e-03
  4.06900000e+00	 -2.06546275e-02	  2.09772111e-03
  4.07900000e+00	 -2.05914017e-02	  2.11164638e-03
  4.08900000e+00	 -2.03151746e-02	  2.13075638e-03
  4.09900000e+00	 -1.99838473e-02	  2.12282687e-03
  4.10900000e+00	 -1.94907857e-02	  2.14348198e-03
  4.11900000e+00	 -1.90321221e-02	  2.16060263e-03
  4.12900000e+00	 -1.84981545e-02	  2.16184688e-03
  4.13900000e+00	 -1.79179463e-02	  2.17151131e-03
  4.14900000e+00	 -1.74194491e-02	  2.17927710e-03
  4.15900000e+00	 -1.67249347e-02	  2.18842421e-03
  4.16900000e+00	 -1.59987385e-02	  2.20267853e-03
  4.17900000e+00	 -1.52299569e-02	  2.21264469e-03
  4.18900000e+00	 -1.46047226e-02	  2.21574327e-03
  4.19900000e+00	 -1.38819491e-02	  2.22893599e-03
  4.20900000e+00	 -1.28708233e-02	  2.23659139e-03
  4.21900000e+00	 -1.21943310e-02	  2.24584920e-03
  4.22900000e+00	 -1.15522333e-02	  2.25617030e-03
  4.23900000e+00	 -1.06248380e-02	  2.25739718e-03
  4.24900000e+00	 -1.00067421e-02	  2.26665953e-03
  4.25900000e+00	 -9.37524279e-03	  2.28456955e-03
  4.26900000e+00	 -8.35625020e-03	  2.27077661e-03
  4.27900000e+00	 -7.91160861e-03	  2.28580789e-03
  4.28900000e+00	 -7.08529720e-03	  2.29911379e-03
  4.29900000e+00	 -6.48969633e-03	  2.30737798e-03
  4.30900000e+00	 -5.81966299e-03	  2.31899135e-03
  4.31900000e+00	 -5.28142456e-03	  2.32157905e-03
  4.32900000e+00	 -4.69002222e-03	  2.31551080e-03
  4.33900000e+00	 -4.25075910e-03	  2.32616957e-03
  4.34900000e+00	 -3.75220707e-03	  2.33209099e-03
  4.35900000e+00	 -3.26644754e-03	  2.33460848e-03
  4.36900000e+00	 -2.74485029e-03	  2.33528253e-03
  4.37900000e+00	 -2.40627125e-03	  2.34463264e-03
  4.38900000e+00	 -2.16272654e-03	  2.34792956e-03
  4.39900000e+00	 -1.99547691e-03	  2.35095359e-03
  4.40900000e+00	 -1.66106326e-03	  2.35981610e-03
  4.41900000e+00	 -1.41905138e-03	  2.35833708e-03
  4.42900000e+00	 -1.23355502e-03	  2.36560100e-03
  4.43900000e+00	 -1.09924560e-03	  2.37077127e-03
  4.44900000e+00	 -9.82927407e-04	  2.37340779e-03
  4.45900000e+00	 -1.00881419e-03	  2.37670025e-03
  4.46900000e+00	 -9.92722323e-04	  2.37447924e-03
  4.47900000e+00	 -1.03109029e-03	  2.38456186e-03
  4.48900000e+00	 -1.12510336e-03	  2.38426581e-03
  4.49900000e+00	 -1.10739596e-03	  2.38062887e-03
  4.50900000e+00	 -1.44385455e-03	  2.38205828e-03
  4.51900000e+00	 -1.44053073e-03	  2.39599414e-03
  4.52900000e+00	 -1.71939123e-03	  2.38719212e-03
  4.53900000e+00	 -1.91448805e-03	  2.38009357e-03
  4.54900000e+00	 -2.12928611e-03	  2.38712380e-03
  4.55900000e+00	 -2.35220781e-03	  2.39238573e-03
  4.56900000e+00	 -2.65815417e-03	  2.38443675e-03
  4.57900000e+00	 -2.91965558e-03	  2.39116701e-03
  4.58900000e+00	 -3.18734546e-03	  2.38994129e-03
  4.59900000e+00	 -3.53418428e-03	  2.38675948e-03
  4.60900000e+00	 -3.72967951e-03	  2.39033317e-03
  4.61900000e+00	 -4.13289702e-03	  2.38596809e-03
  4.62900000e+00	 -4.33685117e-03	  2.38598111e-03
  4.63900000e+00	 -4.67003611e-03	  2.38904925e-03
  4.64900000e+00	 -4.98177587e-03	  2.37887839e-03
  4.65900000e+00	 -5.31856006e-03	  2.38305095e-03
  4.66900000e+00	 -5.66148619e-03	  2.38187656e-03
  4.67900000e+00	 -5.87286158e-03	  2.37874725e-03
  4.68900000e+00	 -6.11244554e-03	  2.37605225e-03
  4.69900000e+00	 -6.30453722e-03	  2.36823052e-03
  4.70900000e+00	 -6.61475595e-03	  2.37694413e-03
  4.71900000e+00	 -6.94584546e-03	  2.37304738e-03
  4.72900000e+00	 -7.05604167e-03	  2.36798438e-03
  4.73900000e+00	 -7.21489402e-03	  2.36053997e-03
  4.74900000e+00	 -7.31489086e-03	  2.35774436e-03
  4.75900000e+00	 -7.51542976e-03	  2.36018498e-03
  4.76900000e+00	 -7.64292587e-03	  2.34418893e-03
  4.77900000e+00	 -7.65030287e-03	  2.35012859e-03
  4.78900000e+00	 -7.86360519e-03	  2.34438498e-03
  4.79900000e+00	 -7.90406945e-03	  2.33971765e-03
  4.80900000e+00	 -7.83413649e-03	  2.33714322e-03
  4.81900000e+00	 -7.82757695e-03	  2.33201884e-03
  4.82900000e+00	 -7.91712504e-03	  2.31909349e-03
  4.83900000e+00	 -7.86102522e-03	  2.31795979e-03
  4.84900000e+00	 -7.71200608e-03	  2.30713889e-03
  4.85900000e+00	 -7.63901275e-03	  2.30934740e-03
  4.86900000e+00	 -7.54911976e-03	  2.29495660e-03
  4.87900000e+00	 -7.49974475e-03	  2.29413174e-03
  4.88900000e+00	 -7.29781739e-03	  2.28738213e-03
  4.89900000e+00	 -7.13390244e-03	  2.28013352e-03
  4.90900000e+00	 -6.95144782e-03	  2.27482802e-03
  4.91900000e+00	 -6.68042074e-03	  2.26938334e-03
  4.92900000e+00	 -6.51777704e-03	  2.26469617e-03
  4.93900000e+00	 -6.36241562e-03	  2.25872539e-03
  4.94900000e+00	 -6.11943365e-03	  2.24668047e-03
  4.95900000e+00	 -5.77263315e-03	  2.24137607e-03
  4.96900000e+00	 -5.61130044e-03	  2.23411831e-03
  4.97900000e+00	 -5.18638821e-03	  2.21386819e-03
  4.98900000e+00	 -5.06925162e-03	  2.21383785e-03
  4.99900000e+00	 -4.78850503e-03	  2.20782911e-03
  5.00900000e+00	 -4.49729448e-03	  2.19918299e-03

