# ####################################################################
# Bridge function for Gamma = 170.0. 
# -----------------------------------------------------------------
#      r/d		      B(r/d)		  sigma[B(r/d)]		 
# -----------------------------------------------------------------
  1.90000000e-02	 -4.69565904e+01	  1.16769022e-01
  2.90000000e-02	 -4.70081776e+01	  8.55791542e-02
  3.90000000e-02	 -4.69255308e+01	  7.34411622e-02
  4.90000000e-02	 -4.67967764e+01	  4.78787935e-02
  5.90000000e-02	 -4.67478316e+01	  4.13364992e-02
  6.90000000e-02	 -4.66490858e+01	  4.04152825e-02
  7.90000000e-02	 -4.65468830e+01	  3.56870790e-02
  8.90000000e-02	 -4.63627914e+01	  3.05567043e-02
  9.90000000e-02	 -4.62370506e+01	  2.63175594e-02
  1.09000000e-01	 -4.61584395e+01	  2.52986861e-02
  1.19000000e-01	 -4.59602531e+01	  2.51876290e-02
  1.29000000e-01	 -4.57820736e+01	  2.59626213e-02
  1.39000000e-01	 -4.56059457e+01	  2.60847903e-02
  1.49000000e-01	 -4.53881103e+01	  2.38303795e-02
  1.59000000e-01	 -4.51666219e+01	  2.03555324e-02
  1.69000000e-01	 -4.49704751e+01	  1.96702151e-02
  1.79000000e-01	 -4.47280082e+01	  2.06892554e-02
  1.89000000e-01	 -4.44861187e+01	  1.78431205e-02
  1.99000000e-01	 -4.42153913e+01	  2.87308628e-02
  2.09000000e-01	 -4.39505252e+01	  3.21608141e-02
  2.19000000e-01	 -4.36756079e+01	  2.19487300e-02
  2.29000000e-01	 -4.34164157e+01	  2.14607283e-02
  2.39000000e-01	 -4.31154894e+01	  2.16771509e-02
  2.49000000e-01	 -4.28250798e+01	  2.05193445e-02
  2.59000000e-01	 -4.25125021e+01	  2.15142797e-02
  2.69000000e-01	 -4.21709772e+01	  1.94264382e-02
  2.79000000e-01	 -4.18804407e+01	  2.07685670e-02
  2.89000000e-01	 -4.15310135e+01	  1.82867926e-02
  2.99000000e-01	 -4.12189408e+01	  2.19284267e-02
  3.09000000e-01	 -4.08779932e+01	  1.94714471e-02
  3.19000000e-01	 -4.05152252e+01	  1.92000165e-02
  3.29000000e-01	 -4.01726759e+01	  1.94867787e-02
  3.39000000e-01	 -3.98104169e+01	  1.72903674e-02
  3.49000000e-01	 -3.94510805e+01	  1.67474766e-02
  3.59000000e-01	 -3.90903197e+01	  1.68330360e-02
  3.69000000e-01	 -3.87212746e+01	  1.85982343e-02
  3.79000000e-01	 -3.83433774e+01	  1.79719499e-02
  3.89000000e-01	 -3.79504659e+01	  1.63727882e-02
  3.99000000e-01	 -3.75774605e+01	  3.13044684e-02
  4.09000000e-01	 -3.71930529e+01	  2.61707182e-02
  4.19000000e-01	 -3.68017922e+01	  2.57168592e-02
  4.29000000e-01	 -3.64065333e+01	  2.57348498e-02
  4.39000000e-01	 -3.60291073e+01	  2.18509739e-02
  4.49000000e-01	 -3.55838310e+01	  2.16717650e-02
  4.59000000e-01	 -3.52364436e+01	  2.10909182e-02
  4.69000000e-01	 -3.48615112e+01	  2.48368993e-02
  4.79000000e-01	 -3.44169782e+01	  2.20431345e-02
  4.89000000e-01	 -3.40295402e+01	  2.30192149e-02
  4.99000000e-01	 -3.36096459e+01	  2.03335779e-02
  5.09000000e-01	 -3.32041217e+01	  2.26807112e-02
  5.19000000e-01	 -3.28331350e+01	  2.03572841e-02
  5.29000000e-01	 -3.24004426e+01	  2.28143370e-02
  5.39000000e-01	 -3.19793548e+01	  2.00077981e-02
  5.49000000e-01	 -3.15675110e+01	  1.89958019e-02
  5.59000000e-01	 -3.11522119e+01	  1.89673868e-02
  5.69000000e-01	 -3.07617794e+01	  1.89115241e-02
  5.79000000e-01	 -3.03501878e+01	  1.89950349e-02
  5.89000000e-01	 -2.99333795e+01	  1.90065080e-02
  5.99000000e-01	 -2.95256269e+01	  1.65844608e-02
  6.09000000e-01	 -2.91153186e+01	  1.86006243e-02
  6.19000000e-01	 -2.87228785e+01	  1.95866496e-02
  6.29000000e-01	 -2.82928619e+01	  2.00809427e-02
  6.39000000e-01	 -2.78872740e+01	  1.63024431e-02
  6.49000000e-01	 -2.74870243e+01	  1.91245788e-02
  6.59000000e-01	 -2.70944351e+01	  1.98562415e-02
  6.69000000e-01	 -2.66803530e+01	  2.02013069e-02
  6.79000000e-01	 -2.62703624e+01	  1.98326815e-02
  6.89000000e-01	 -2.58807858e+01	  1.77722636e-02
  6.99000000e-01	 -2.54635664e+01	  1.70279305e-02
  7.09000000e-01	 -2.50655995e+01	  1.67714209e-02
  7.19000000e-01	 -2.46653964e+01	  1.59153359e-02
  7.29000000e-01	 -2.42783934e+01	  1.64475418e-02
  7.39000000e-01	 -2.38597481e+01	  1.76661870e-02
  7.49000000e-01	 -2.34813879e+01	  1.64221438e-02
  7.59000000e-01	 -2.30880783e+01	  1.61228711e-02
  7.69000000e-01	 -2.26806134e+01	  1.56872189e-02
  7.79000000e-01	 -2.22991034e+01	  1.59488820e-02
  7.89000000e-01	 -2.19101327e+01	  1.52393904e-02
  7.99000000e-01	 -2.15146480e+01	  4.64292734e-02
  8.09000000e-01	 -2.11331831e+01	  3.71119757e-02
  8.19000000e-01	 -2.07612707e+01	  3.36999515e-02
  8.29000000e-01	 -2.03797424e+01	  3.31772018e-02
  8.39000000e-01	 -2.00478035e+01	  3.03978732e-02
  8.49000000e-01	 -1.96347936e+01	  3.00156393e-02
  8.59000000e-01	 -1.92610163e+01	  2.95461902e-02
  8.69000000e-01	 -1.89107479e+01	  3.04636948e-02
  8.79000000e-01	 -1.85340542e+01	  2.85735930e-02
  8.89000000e-01	 -1.81834189e+01	  2.68289512e-02
  8.99000000e-01	 -1.77986552e+01	  2.86244518e-02
  9.09000000e-01	 -1.74353887e+01	  2.62339654e-02
  9.19000000e-01	 -1.71148693e+01	  2.80189784e-02
  9.29000000e-01	 -1.67098243e+01	  2.14920369e-02
  9.39000000e-01	 -1.63791121e+01	  2.33927070e-02
  9.49000000e-01	 -1.60443926e+01	  2.36024700e-02
  9.59000000e-01	 -1.56799205e+01	  2.06195492e-02
  9.69000000e-01	 -1.53367171e+01	  1.91089464e-02
  9.79000000e-01	 -1.50793715e+01	  2.11912106e-02
  9.89000000e-01	 -1.47603529e+01	  1.99424608e-02
  9.99000000e-01	 -1.44305907e+01	  1.94517300e-02
  1.00900000e+00	 -1.41174731e+01	  1.86400171e-02
  1.01900000e+00	 -1.37643903e+01	  1.69005745e-02
  1.02900000e+00	 -1.34728701e+01	  1.85164585e-02
  1.03900000e+00	 -1.31370777e+01	  1.63571639e-02
  1.04900000e+00	 -1.28312143e+01	  1.87525094e-02
  1.05900000e+00	 -1.25106541e+01	  1.68396774e-02
  1.06900000e+00	 -1.22103250e+01	  1.75754276e-02
  1.07900000e+00	 -1.18991658e+01	  1.50184530e-02
  1.08900000e+00	 -1.16213039e+01	  1.61835591e-02
  1.09900000e+00	 -1.13223128e+01	  1.60475630e-02
  1.10900000e+00	 -1.10286804e+01	  1.42826749e-02
  1.11900000e+00	 -1.07425875e+01	  1.40867724e-02
  1.12900000e+00	 -1.04449922e+01	  1.57254105e-02
  1.13900000e+00	 -1.01720080e+01	  1.55038680e-02
  1.14900000e+00	 -9.89517040e+00	  1.44322484e-02
  1.15900000e+00	 -9.63691955e+00	  1.49136530e-02
  1.16900000e+00	 -9.36865611e+00	  1.40729080e-02
  1.17900000e+00	 -9.08869754e+00	  1.32235599e-02
  1.18900000e+00	 -8.84303518e+00	  1.44518208e-02
  1.19900000e+00	 -8.56830190e+00	  1.35211816e-02
  1.20900000e+00	 -8.32617928e+00	  1.36390243e-02
  1.21900000e+00	 -8.07213857e+00	  1.35003782e-02
  1.22900000e+00	 -7.82328183e+00	  1.49533252e-02
  1.23900000e+00	 -7.59702862e+00	  1.35442787e-02
  1.24900000e+00	 -7.36037156e+00	  1.11166110e-02
  1.25900000e+00	 -7.13400071e+00	  1.10722653e-02
  1.26900000e+00	 -6.90250277e+00	  1.10258889e-02
  1.27900000e+00	 -6.68889317e+00	  1.09815910e-02
  1.28900000e+00	 -6.45908079e+00	  1.09366419e-02
  1.29900000e+00	 -6.24429063e+00	  1.08895399e-02
  1.30900000e+00	 -6.03300934e+00	  1.08454306e-02
  1.31900000e+00	 -5.82869692e+00	  1.07976663e-02
  1.32900000e+00	 -5.62067434e+00	  1.07506874e-02
  1.33900000e+00	 -5.42160107e+00	  1.07087951e-02
  1.34900000e+00	 -5.22897936e+00	  1.06634249e-02
  1.35900000e+00	 -5.03674200e+00	  1.06139016e-02
  1.36900000e+00	 -4.84979154e+00	  1.05674149e-02
  1.37900000e+00	 -4.66450582e+00	  1.05233942e-02
  1.38900000e+00	 -4.48597942e+00	  1.04704630e-02
  1.39900000e+00	 -4.31142482e+00	  1.04188155e-02
  1.40900000e+00	 -4.13832616e+00	  1.03780740e-02
  1.41900000e+00	 -3.97161311e+00	  1.03232751e-02
  1.42900000e+00	 -3.80780393e+00	  1.02809406e-02
  1.43900000e+00	 -3.64828118e+00	  1.02346327e-02
  1.44900000e+00	 -3.49235803e+00	  1.01891853e-02
  1.45900000e+00	 -3.34024988e+00	  1.01457237e-02
  1.46900000e+00	 -3.19219236e+00	  1.00893773e-02
  1.47900000e+00	 -3.04792033e+00	  1.00533728e-02
  1.48900000e+00	 -2.90762320e+00	  9.99190969e-03
  1.49900000e+00	 -2.77058372e+00	  9.95277998e-03
  1.50900000e+00	 -2.63804988e+00	  9.07928219e-03
  1.51900000e+00	 -2.50896416e+00	  9.00364466e-03
  1.52900000e+00	 -2.38328488e+00	  8.96934068e-03
  1.53900000e+00	 -2.26192373e+00	  8.90181437e-03
  1.54900000e+00	 -2.14360725e+00	  8.86489721e-03
  1.55900000e+00	 -2.02908406e+00	  8.78477014e-03
  1.56900000e+00	 -1.91853894e+00	  8.74971413e-03
  1.57900000e+00	 -1.81136402e+00	  8.68443294e-03
  1.58900000e+00	 -1.70743686e+00	  8.64225418e-03
  1.59900000e+00	 -1.60762056e+00	  8.59434751e-03
  1.60900000e+00	 -1.51083992e+00	  8.53319533e-03
  1.61900000e+00	 -1.41754623e+00	  8.48492958e-03
  1.62900000e+00	 -1.32751729e+00	  8.42347733e-03
  1.63900000e+00	 -1.24064812e+00	  8.36519948e-03
  1.64900000e+00	 -1.15752004e+00	  8.31399089e-03
  1.65900000e+00	 -1.07756467e+00	  8.26273205e-03
  1.66900000e+00	 -1.00100860e+00	  8.19585095e-03
  1.67900000e+00	 -9.27378959e-01	  8.14603377e-03
  1.68900000e+00	 -8.56753676e-01	  8.10184319e-03
  1.69900000e+00	 -7.89679933e-01	  8.03229047e-03
  1.70900000e+00	 -7.25159188e-01	  7.97845435e-03
  1.71900000e+00	 -6.63658417e-01	  7.91933163e-03
  1.72900000e+00	 -6.05293503e-01	  7.87812303e-03
  1.73900000e+00	 -5.49680661e-01	  7.84265945e-03
  1.74900000e+00	 -4.96710996e-01	  7.77171980e-03
  1.75900000e+00	 -4.46497897e-01	  7.71047429e-03
  1.76900000e+00	 -3.99007343e-01	  7.64564502e-03
  1.77900000e+00	 -3.54272266e-01	  7.59761821e-03
  1.78900000e+00	 -3.12197235e-01	  7.54576700e-03
  1.79900000e+00	 -2.72154281e-01	  7.48369610e-03
  1.80900000e+00	 -2.34836280e-01	  7.42261766e-03
  1.81900000e+00	 -1.99953425e-01	  7.36628206e-03
  1.82900000e+00	 -1.67150808e-01	  7.31244903e-03
  1.83900000e+00	 -1.36669072e-01	  7.26120423e-03
  1.84900000e+00	 -1.08367003e-01	  7.21271815e-03
  1.85900000e+00	 -8.24014235e-02	  7.14082560e-03
  1.86900000e+00	 -5.82482791e-02	  7.09362594e-03
  1.87900000e+00	 -3.58672615e-02	  7.03672016e-03
  1.88900000e+00	 -1.56154927e-02	  6.98904450e-03
  1.89900000e+00	  2.82478818e-03	  6.92415665e-03
  1.90900000e+00	  1.93118361e-02	  6.85878897e-03
  1.91900000e+00	  3.44038011e-02	  6.81711199e-03
  1.92900000e+00	  4.79547894e-02	  6.76901888e-03
  1.93900000e+00	  5.99887477e-02	  6.69816055e-03
  1.94900000e+00	  7.02281009e-02	  6.65795504e-03
  1.95900000e+00	  7.93259234e-02	  6.60297623e-03
  1.96900000e+00	  8.68514226e-02	  6.52804705e-03
  1.97900000e+00	  9.32679245e-02	  6.48864286e-03
  1.98900000e+00	  9.83911608e-02	  6.42364231e-03
  1.99900000e+00	  1.02581477e-01	  6.36535449e-03
  2.00900000e+00	  1.05299294e-01	  6.31482218e-03
  2.01900000e+00	  1.07373797e-01	  6.26632420e-03
  2.02900000e+00	  1.08285128e-01	  6.19247453e-03
  2.03900000e+00	  1.08174922e-01	  6.13198476e-03
  2.04900000e+00	  1.07274650e-01	  6.08099798e-03
  2.05900000e+00	  1.06048032e-01	  6.03428119e-03
  2.06900000e+00	  1.03684917e-01	  5.97333915e-03
  2.07900000e+00	  1.00294573e-01	  5.90127849e-03
  2.08900000e+00	  9.72620134e-02	  5.85657652e-03
  2.09900000e+00	  9.31778868e-02	  5.80298690e-03
  2.10900000e+00	  8.85787222e-02	  5.72726312e-03
  2.11900000e+00	  8.38054527e-02	  5.69536091e-03
  2.12900000e+00	  7.82271578e-02	  5.65475548e-03
  2.13900000e+00	  7.27089819e-02	  5.56291197e-03
  2.14900000e+00	  6.67727228e-02	  5.51878038e-03
  2.15900000e+00	  6.01841377e-02	  5.48008007e-03
  2.16900000e+00	  5.36131613e-02	  5.41421475e-03
  2.17900000e+00	  4.70026299e-02	  5.37689979e-03
  2.18900000e+00	  4.02330270e-02	  5.28851662e-03
  2.19900000e+00	  3.34443456e-02	  5.27292344e-03
  2.20900000e+00	  2.61795239e-02	  5.20546882e-03
  2.21900000e+00	  1.96862709e-02	  5.15278880e-03
  2.22900000e+00	  1.27289180e-02	  5.08778554e-03
  2.23900000e+00	  5.96686447e-03	  5.02164720e-03
  2.24900000e+00	 -1.10122114e-03	  4.97032921e-03
  2.25900000e+00	 -7.81667071e-03	  4.92765696e-03
  2.26900000e+00	 -1.43414080e-02	  4.85544510e-03
  2.27900000e+00	 -2.08118434e-02	  4.80780044e-03
  2.28900000e+00	 -2.69401371e-02	  4.75399823e-03
  2.29900000e+00	 -3.30156864e-02	  4.69630503e-03
  2.30900000e+00	 -3.86563181e-02	  4.62505039e-03
  2.31900000e+00	 -4.40742933e-02	  4.59011163e-03
  2.32900000e+00	 -4.97388264e-02	  4.54884034e-03
  2.33900000e+00	 -5.45032002e-02	  4.49540187e-03
  2.34900000e+00	 -5.91398020e-02	  4.42499729e-03
  2.35900000e+00	 -6.36519620e-02	  4.37464542e-03
  2.36900000e+00	 -6.74637568e-02	  4.33278282e-03
  2.37900000e+00	 -7.15749746e-02	  4.27303063e-03
  2.38900000e+00	 -7.48915226e-02	  4.22005022e-03
  2.39900000e+00	 -7.82627577e-02	  4.15548926e-03
  2.40900000e+00	 -8.07446039e-02	  4.11337570e-03
  2.41900000e+00	 -8.32532824e-02	  4.05317194e-03
  2.42900000e+00	 -8.52728594e-02	  4.00407885e-03
  2.43900000e+00	 -8.71834435e-02	  3.96976248e-03
  2.44900000e+00	 -8.83535157e-02	  3.89799691e-03
  2.45900000e+00	 -8.93309156e-02	  3.87482447e-03
  2.46900000e+00	 -9.02649144e-02	  3.79050349e-03
  2.47900000e+00	 -9.10338904e-02	  3.73726237e-03
  2.48900000e+00	 -9.12415398e-02	  3.71804734e-03
  2.49900000e+00	 -9.06508245e-02	  3.64475786e-03
  2.50900000e+00	 -9.03306810e-02	  3.57776342e-03
  2.51900000e+00	 -8.95144535e-02	  3.54185783e-03
  2.52900000e+00	 -8.85170139e-02	  3.50240439e-03
  2.53900000e+00	 -8.74270753e-02	  3.44966700e-03
  2.54900000e+00	 -8.53755971e-02	  3.38815135e-03
  2.55900000e+00	 -8.38306861e-02	  3.33849923e-03
  2.56900000e+00	 -8.17509144e-02	  3.30636224e-03
  2.57900000e+00	 -7.93467659e-02	  3.24448676e-03
  2.58900000e+00	 -7.72328919e-02	  3.19278026e-03
  2.59900000e+00	 -7.47650117e-02	  3.13383392e-03
  2.60900000e+00	 -7.19195783e-02	  3.08726280e-03
  2.61900000e+00	 -6.87559304e-02	  3.05557719e-03
  2.62900000e+00	 -6.56552184e-02	  2.99346887e-03
  2.63900000e+00	 -6.25431684e-02	  2.92802939e-03
  2.64900000e+00	 -5.89620546e-02	  2.89720602e-03
  2.65900000e+00	 -5.53087708e-02	  2.84461558e-03
  2.66900000e+00	 -5.19866057e-02	  2.80363263e-03
  2.67900000e+00	 -4.86030303e-02	  2.74892303e-03
  2.68900000e+00	 -4.48513344e-02	  2.71764039e-03
  2.69900000e+00	 -4.10758589e-02	  2.67112734e-03
  2.70900000e+00	 -3.73666373e-02	  2.60651185e-03
  2.71900000e+00	 -3.38768665e-02	  2.56218304e-03
  2.72900000e+00	 -3.03291640e-02	  2.52751463e-03
  2.73900000e+00	 -2.65624477e-02	  2.49273946e-03
  2.74900000e+00	 -2.28807858e-02	  2.43418036e-03
  2.75900000e+00	 -1.96410829e-02	  2.38959801e-03
  2.76900000e+00	 -1.61539347e-02	  2.35586553e-03
  2.77900000e+00	 -1.29345063e-02	  2.30450760e-03
  2.78900000e+00	 -9.87876784e-03	  2.25773003e-03
  2.79900000e+00	 -6.85376841e-03	  2.20743936e-03
  2.80900000e+00	 -3.88240769e-03	  2.15897395e-03
  2.81900000e+00	 -1.40515933e-03	  2.11576484e-03
  2.82900000e+00	  1.29434984e-03	  2.07384656e-03
  2.83900000e+00	  3.68470695e-03	  2.02941426e-03
  2.84900000e+00	  5.67125610e-03	  1.99648390e-03
  2.85900000e+00	  7.59813740e-03	  1.94145209e-03
  2.86900000e+00	  9.30015251e-03	  1.91612579e-03
  2.87900000e+00	  1.07856420e-02	  1.85909152e-03
  2.88900000e+00	  1.24082477e-02	  1.82213141e-03
  2.89900000e+00	  1.33630324e-02	  1.78027523e-03
  2.90900000e+00	  1.41374261e-02	  1.74725945e-03
  2.91900000e+00	  1.46337642e-02	  1.70315890e-03
  2.92900000e+00	  1.48526070e-02	  1.66615224e-03
  2.93900000e+00	  1.51490141e-02	  1.63120079e-03
  2.94900000e+00	  1.49744649e-02	  1.58364437e-03
  2.95900000e+00	  1.45433347e-02	  1.55166521e-03
  2.96900000e+00	  1.38188745e-02	  1.51520598e-03
  2.97900000e+00	  1.32049240e-02	  1.47085647e-03
  2.98900000e+00	  1.22246368e-02	  1.44731437e-03
  2.99900000e+00	  1.06640258e-02	  1.40828313e-03
  3.00900000e+00	  9.49542714e-03	  1.37178412e-03
  3.01900000e+00	  7.89456185e-03	  1.33295992e-03
  3.02900000e+00	  6.08171486e-03	  1.30028640e-03
  3.03900000e+00	  4.13667992e-03	  1.26386121e-03
  3.04900000e+00	  1.78556375e-03	  1.25016084e-03
  3.05900000e+00	 -1.18954548e-04	  1.20141918e-03
  3.06900000e+00	 -2.59106226e-03	  1.18685464e-03
  3.07900000e+00	 -5.01718633e-03	  1.16088917e-03
  3.08900000e+00	 -7.56115528e-03	  1.12262171e-03
  3.09900000e+00	 -9.95911642e-03	  1.10712015e-03
  3.10900000e+00	 -1.27492615e-02	  1.06714507e-03
  3.11900000e+00	 -1.52664492e-02	  1.05339877e-03
  3.12900000e+00	 -1.79464280e-02	  1.02200068e-03
  3.13900000e+00	 -2.06878761e-02	  9.96441387e-04
  3.14900000e+00	 -2.31208812e-02	  9.79849507e-04
  3.15900000e+00	 -2.55801078e-02	  9.62444874e-04
  3.16900000e+00	 -2.80001705e-02	  9.33298560e-04
  3.17900000e+00	 -3.02731041e-02	  9.23546113e-04
  3.18900000e+00	 -3.27283107e-02	  9.10963518e-04
  3.19900000e+00	 -3.45603290e-02	  8.87095688e-04
  3.20900000e+00	 -3.65180620e-02	  8.87030172e-04
  3.21900000e+00	 -3.83722228e-02	  8.77974264e-04
  3.22900000e+00	 -3.99268558e-02	  8.63187943e-04
  3.23900000e+00	 -4.12089249e-02	  8.37113739e-04
  3.24900000e+00	 -4.25023182e-02	  8.45049581e-04
  3.25900000e+00	 -4.32614560e-02	  8.40632101e-04
  3.26900000e+00	 -4.41604157e-02	  8.31633410e-04
  3.27900000e+00	 -4.48795288e-02	  8.35754737e-04
  3.28900000e+00	 -4.52070934e-02	  8.41083156e-04
  3.29900000e+00	 -4.53537043e-02	  8.40053771e-04
  3.30900000e+00	 -4.52563122e-02	  8.29255284e-04
  3.31900000e+00	 -4.48026863e-02	  8.53821371e-04
  3.32900000e+00	 -4.45054606e-02	  8.55214172e-04
  3.33900000e+00	 -4.36571992e-02	  8.60994333e-04
  3.34900000e+00	 -4.27212443e-02	  8.82057031e-04
  3.35900000e+00	 -4.17259262e-02	  8.87579953e-04
  3.36900000e+00	 -4.05205200e-02	  8.96523699e-04
  3.37900000e+00	 -3.91278562e-02	  9.10917245e-04
  3.38900000e+00	 -3.75165612e-02	  9.23218436e-04
  3.39900000e+00	 -3.57750466e-02	  9.30896668e-04
  3.40900000e+00	 -3.41084140e-02	  9.55734801e-04
  3.41900000e+00	 -3.20661028e-02	  9.73393336e-04
  3.42900000e+00	 -2.99991327e-02	  9.80970496e-04
  3.43900000e+00	 -2.79132467e-02	  9.95354122e-04
  3.44900000e+00	 -2.56446447e-02	  1.01094273e-03
  3.45900000e+00	 -2.35588006e-02	  1.02762957e-03
  3.46900000e+00	 -2.13779861e-02	  1.05103347e-03
  3.47900000e+00	 -1.92314803e-02	  1.07269047e-03
  3.48900000e+00	 -1.70025343e-02	  1.10096438e-03
  3.49900000e+00	 -1.48908830e-02	  1.11123081e-03
  3.50900000e+00	 -1.27723824e-02	  1.13415968e-03
  3.51900000e+00	 -1.07590659e-02	  1.15411144e-03
  3.52900000e+00	 -8.67483134e-03	  1.16896624e-03
  3.53900000e+00	 -6.78935065e-03	  1.20064059e-03
  3.54900000e+00	 -4.74707567e-03	  1.21251266e-03
  3.55900000e+00	 -3.06007135e-03	  1.24127269e-03
  3.56900000e+00	 -1.68253679e-03	  1.26567070e-03
  3.57900000e+00	 -3.87903404e-05	  1.28340426e-03
  3.58900000e+00	  1.40537505e-03	  1.30520652e-03
  3.59900000e+00	  2.63348616e-03	  1.32060027e-03
  3.60900000e+00	  3.69184508e-03	  1.34544760e-03
  3.61900000e+00	  4.57570557e-03	  1.36214607e-03
  3.62900000e+00	  5.34873721e-03	  1.38877449e-03
  3.63900000e+00	  5.93847170e-03	  1.41433892e-03
  3.64900000e+00	  6.60342489e-03	  1.43485960e-03
  3.65900000e+00	  6.72080701e-03	  1.45133014e-03
  3.66900000e+00	  6.91930930e-03	  1.47317688e-03
  3.67900000e+00	  6.96387608e-03	  1.48856490e-03
  3.68900000e+00	  6.83351170e-03	  1.51765064e-03
  3.69900000e+00	  6.62233588e-03	  1.53079004e-03
  3.70900000e+00	  6.24516818e-03	  1.55114330e-03
  3.71900000e+00	  5.71968388e-03	  1.57484742e-03
  3.72900000e+00	  5.07767439e-03	  1.59691448e-03
  3.73900000e+00	  4.34805853e-03	  1.62244456e-03
  3.74900000e+00	  3.56835586e-03	  1.63903400e-03
  3.75900000e+00	  2.76979270e-03	  1.66542578e-03
  3.76900000e+00	  1.47953035e-03	  1.68619398e-03
  3.77900000e+00	  4.88461874e-04	  1.69927764e-03
  3.78900000e+00	 -7.31427674e-04	  1.71894610e-03
  3.79900000e+00	 -1.82352067e-03	  1.73277609e-03
  3.80900000e+00	 -3.06261507e-03	  1.75737967e-03
  3.81900000e+00	 -4.50049202e-03	  1.77457485e-03
  3.82900000e+00	 -5.67126599e-03	  1.79021978e-03
  3.83900000e+00	 -6.88750570e-03	  1.81464777e-03
  3.84900000e+00	 -8.44362827e-03	  1.83257828e-03
  3.85900000e+00	 -9.62336394e-03	  1.84637143e-03
  3.86900000e+00	 -1.07623623e-02	  1.87525165e-03
  3.87900000e+00	 -1.19794771e-02	  1.88710317e-03
  3.88900000e+00	 -1.34083872e-02	  1.90616415e-03
  3.89900000e+00	 -1.45190356e-02	  1.91688696e-03
  3.90900000e+00	 -1.55184678e-02	  1.94062532e-03
  3.91900000e+00	 -1.66661727e-02	  1.95844633e-03
  3.92900000e+00	 -1.76001512e-02	  1.97864426e-03
  3.93900000e+00	 -1.85926335e-02	  1.99837383e-03
  3.94900000e+00	 -1.94906814e-02	  2.01117978e-03
  3.95900000e+00	 -2.01762955e-02	  2.03242433e-03
  3.96900000e+00	 -2.08731013e-02	  2.04493114e-03
  3.97900000e+00	 -2.16237846e-02	  2.06535135e-03
  3.98900000e+00	 -2.19389753e-02	  2.08082941e-03
  3.99900000e+00	 -2.24725800e-02	  2.08291083e-03
  4.00900000e+00	 -2.29127845e-02	  2.10064977e-03
  4.01900000e+00	 -2.30330044e-02	  2.12360201e-03
  4.02900000e+00	 -2.31308256e-02	  2.12980332e-03
  4.03900000e+00	 -2.32588181e-02	  2.14378319e-03
  4.04900000e+00	 -2.32672198e-02	  2.15657884e-03
  4.05900000e+00	 -2.31864904e-02	  2.17671154e-03
  4.06900000e+00	 -2.31181112e-02	  2.19091649e-03
  4.07900000e+00	 -2.27927164e-02	  2.19582735e-03
  4.08900000e+00	 -2.24375940e-02	  2.21566806e-03
  4.09900000e+00	 -2.18871141e-02	  2.23026323e-03
  4.10900000e+00	 -2.16111547e-02	  2.23667145e-03
  4.11900000e+00	 -2.09321631e-02	  2.25229117e-03
  4.12900000e+00	 -2.03626964e-02	  2.26286165e-03
  4.13900000e+00	 -1.95245353e-02	  2.27499610e-03
  4.14900000e+00	 -1.89952833e-02	  2.28817433e-03
  4.15900000e+00	 -1.82404890e-02	  2.29452630e-03
  4.16900000e+00	 -1.74682788e-02	  2.31580309e-03
  4.17900000e+00	 -1.66467635e-02	  2.33240342e-03
  4.18900000e+00	 -1.58217601e-02	  2.33191370e-03
  4.19900000e+00	 -1.48924769e-02	  2.33340174e-03
  4.20900000e+00	 -1.41552744e-02	  2.34642322e-03
  4.21900000e+00	 -1.31287895e-02	  2.35885771e-03
  4.22900000e+00	 -1.21740917e-02	  2.36534090e-03
  4.23900000e+00	 -1.13073348e-02	  2.37626954e-03
  4.24900000e+00	 -1.04532780e-02	  2.38820858e-03
  4.25900000e+00	 -9.69515921e-03	  2.39009428e-03
  4.26900000e+00	 -8.88210331e-03	  2.39789562e-03
  4.27900000e+00	 -8.04593085e-03	  2.40822030e-03
  4.28900000e+00	 -7.38301622e-03	  2.41727487e-03
  4.29900000e+00	 -6.47385389e-03	  2.43678204e-03
  4.30900000e+00	 -5.64510671e-03	  2.43596840e-03
  4.31900000e+00	 -5.09842491e-03	  2.43998636e-03
  4.32900000e+00	 -4.49936518e-03	  2.45210931e-03
  4.33900000e+00	 -3.71585200e-03	  2.45675477e-03
  4.34900000e+00	 -3.20436644e-03	  2.46780711e-03
  4.35900000e+00	 -2.74517383e-03	  2.47151049e-03
  4.36900000e+00	 -2.23632363e-03	  2.47210710e-03
  4.37900000e+00	 -1.81555336e-03	  2.48222439e-03
  4.38900000e+00	 -1.52259178e-03	  2.48648675e-03
  4.39900000e+00	 -1.13742636e-03	  2.48931273e-03
  4.40900000e+00	 -7.96429399e-04	  2.49783252e-03
  4.41900000e+00	 -5.84506992e-04	  2.49324139e-03
  4.42900000e+00	 -4.66077135e-04	  2.50267159e-03
  4.43900000e+00	 -3.50090630e-04	  2.50837155e-03
  4.44900000e+00	 -1.85844820e-04	  2.51311346e-03
  4.45900000e+00	 -1.08923604e-04	  2.51611366e-03
  4.46900000e+00	 -7.72719021e-05	  2.51834012e-03
  4.47900000e+00	 -2.68279500e-04	  2.51687016e-03
  4.48900000e+00	 -2.45946169e-04	  2.53261315e-03
  4.49900000e+00	 -5.27703975e-04	  2.52907353e-03
  4.50900000e+00	 -6.12009284e-04	  2.53415858e-03
  4.51900000e+00	 -7.28461315e-04	  2.53186898e-03
  4.52900000e+00	 -8.31764360e-04	  2.53516594e-03
  4.53900000e+00	 -1.25560190e-03	  2.53823988e-03
  4.54900000e+00	 -1.47641297e-03	  2.53353211e-03
  4.55900000e+00	 -1.78710473e-03	  2.54493993e-03
  4.56900000e+00	 -2.10653694e-03	  2.54850877e-03
  4.57900000e+00	 -2.32029619e-03	  2.53880103e-03
  4.58900000e+00	 -2.75000424e-03	  2.55146501e-03
  4.59900000e+00	 -3.05008863e-03	  2.54874272e-03
  4.60900000e+00	 -3.41181164e-03	  2.53786520e-03
  4.61900000e+00	 -3.70594440e-03	  2.54640447e-03
  4.62900000e+00	 -4.10071485e-03	  2.54600663e-03
  4.63900000e+00	 -4.39958753e-03	  2.53977231e-03
  4.64900000e+00	 -4.80610058e-03	  2.54195884e-03
  4.65900000e+00	 -5.18558293e-03	  2.54627820e-03
  4.66900000e+00	 -5.54654979e-03	  2.54381666e-03
  4.67900000e+00	 -5.86020059e-03	  2.53383908e-03
  4.68900000e+00	 -6.23600504e-03	  2.53880986e-03
  4.69900000e+00	 -6.41097867e-03	  2.53666502e-03
  4.70900000e+00	 -6.64971803e-03	  2.53325894e-03
  4.71900000e+00	 -6.96779617e-03	  2.53409171e-03
  4.72900000e+00	 -7.17554480e-03	  2.53139644e-03
  4.73900000e+00	 -7.37778176e-03	  2.52014845e-03
  4.74900000e+00	 -7.68434446e-03	  2.52371496e-03
  4.75900000e+00	 -7.79047706e-03	  2.51689933e-03
  4.76900000e+00	 -7.83226518e-03	  2.51167785e-03
  4.77900000e+00	 -8.20673943e-03	  2.50975100e-03
  4.78900000e+00	 -8.09702666e-03	  2.51050156e-03
  4.79900000e+00	 -8.14756939e-03	  2.50611145e-03
  4.80900000e+00	 -8.24564870e-03	  2.49864747e-03
  4.81900000e+00	 -8.22175976e-03	  2.49617299e-03
  4.82900000e+00	 -8.19614803e-03	  2.49512976e-03
  4.83900000e+00	 -8.12338026e-03	  2.48425949e-03
  4.84900000e+00	 -8.02902544e-03	  2.49038719e-03
  4.85900000e+00	 -7.85238296e-03	  2.47943065e-03
  4.86900000e+00	 -7.89879400e-03	  2.47423777e-03
  4.87900000e+00	 -7.79839510e-03	  2.46156395e-03
  4.88900000e+00	 -7.40503413e-03	  2.46585650e-03
  4.89900000e+00	 -7.22578722e-03	  2.44984034e-03
  4.90900000e+00	 -7.18461179e-03	  2.44741662e-03
  4.91900000e+00	 -6.94225191e-03	  2.44178407e-03
  4.92900000e+00	 -6.59667789e-03	  2.43979273e-03
  4.93900000e+00	 -6.33621805e-03	  2.43265617e-03
  4.94900000e+00	 -6.14713912e-03	  2.41717941e-03
  4.95900000e+00	 -5.83394614e-03	  2.41367952e-03
  4.96900000e+00	 -5.48816698e-03	  2.41082394e-03
  4.97900000e+00	 -5.31727045e-03	  2.39578314e-03
  4.98900000e+00	 -5.05403618e-03	  2.38587085e-03
  4.99900000e+00	 -4.67183306e-03	  2.37778591e-03
  5.00900000e+00	 -4.30678390e-03	  2.37605673e-03

