# ####################################################################
# Bridge function for Gamma = 90.0 
# -----------------------------------------------------------------
#      r/d		      B(r/d)		  sigma[B(r/d)]		 
# -----------------------------------------------------------------
  1.90000000e-02	 -2.37105832e+01	  1.35208533e-01
  2.90000000e-02	 -2.30829734e+01	  8.77464735e-02
  3.90000000e-02	 -2.28969539e+01	  4.89329158e-02
  4.90000000e-02	 -2.29470089e+01	  4.02691663e-02
  5.90000000e-02	 -2.28089232e+01	  4.48856951e-02
  6.90000000e-02	 -2.27634527e+01	  2.70485867e-02
  7.90000000e-02	 -2.26646697e+01	  2.84375618e-02
  8.90000000e-02	 -2.26464173e+01	  2.14460611e-02
  9.90000000e-02	 -2.25952547e+01	  2.18028631e-02
  1.09000000e-01	 -2.25355735e+01	  1.88214998e-02
  1.19000000e-01	 -2.24735749e+01	  1.73632653e-02
  1.29000000e-01	 -2.23875503e+01	  1.58047546e-02
  1.39000000e-01	 -2.23112235e+01	  1.65111688e-02
  1.49000000e-01	 -2.22103757e+01	  1.49573300e-02
  1.59000000e-01	 -2.21275806e+01	  1.46063985e-02
  1.69000000e-01	 -2.20405530e+01	  1.46044988e-02
  1.79000000e-01	 -2.19226201e+01	  1.44091157e-02
  1.89000000e-01	 -2.18007874e+01	  1.24439109e-02
  1.99000000e-01	 -2.16897434e+01	  2.78631247e-02
  2.09000000e-01	 -2.15388462e+01	  2.42423875e-02
  2.19000000e-01	 -2.14635099e+01	  1.93350822e-02
  2.29000000e-01	 -2.13006843e+01	  1.87981072e-02
  2.39000000e-01	 -2.11616951e+01	  1.53108302e-02
  2.49000000e-01	 -2.10337464e+01	  1.92283113e-02
  2.59000000e-01	 -2.09020488e+01	  1.33030628e-02
  2.69000000e-01	 -2.07351112e+01	  1.36251128e-02
  2.79000000e-01	 -2.06225156e+01	  1.30536925e-02
  2.89000000e-01	 -2.04532036e+01	  1.60514649e-02
  2.99000000e-01	 -2.02813009e+01	  1.22495774e-02
  3.09000000e-01	 -2.01254014e+01	  1.27154580e-02
  3.19000000e-01	 -1.99534476e+01	  1.20563790e-02
  3.29000000e-01	 -1.97973400e+01	  1.42209137e-02
  3.39000000e-01	 -1.96288649e+01	  1.14272660e-02
  3.49000000e-01	 -1.94307711e+01	  1.30484380e-02
  3.59000000e-01	 -1.92665834e+01	  1.13521823e-02
  3.69000000e-01	 -1.91188550e+01	  8.87012314e-03
  3.79000000e-01	 -1.89133874e+01	  1.00227392e-02
  3.89000000e-01	 -1.87348987e+01	  9.94438546e-03
  3.99000000e-01	 -1.85503550e+01	  1.98023617e-02
  4.09000000e-01	 -1.83365894e+01	  1.61205729e-02
  4.19000000e-01	 -1.81811166e+01	  1.53196195e-02
  4.29000000e-01	 -1.79710096e+01	  1.56161153e-02
  4.39000000e-01	 -1.77879756e+01	  1.56158226e-02
  4.49000000e-01	 -1.75921996e+01	  1.87263600e-02
  4.59000000e-01	 -1.73942908e+01	  1.18465227e-02
  4.69000000e-01	 -1.71987968e+01	  1.14796042e-02
  4.79000000e-01	 -1.70324067e+01	  1.57021876e-02
  4.89000000e-01	 -1.67992355e+01	  1.55514353e-02
  4.99000000e-01	 -1.66282219e+01	  1.39613070e-02
  5.09000000e-01	 -1.64249248e+01	  1.40724074e-02
  5.19000000e-01	 -1.61961321e+01	  1.26292485e-02
  5.29000000e-01	 -1.60114876e+01	  1.55694834e-02
  5.39000000e-01	 -1.57961808e+01	  1.47503198e-02
  5.49000000e-01	 -1.56076886e+01	  1.29347988e-02
  5.59000000e-01	 -1.54182190e+01	  1.34042102e-02
  5.69000000e-01	 -1.52135983e+01	  1.23324237e-02
  5.79000000e-01	 -1.49938550e+01	  1.47147472e-02
  5.89000000e-01	 -1.47860207e+01	  1.49664448e-02
  5.99000000e-01	 -1.45754127e+01	  1.14205531e-02
  6.09000000e-01	 -1.43804452e+01	  1.15850055e-02
  6.19000000e-01	 -1.41893962e+01	  1.52442052e-02
  6.29000000e-01	 -1.39677744e+01	  1.16616379e-02
  6.39000000e-01	 -1.37651318e+01	  1.12053447e-02
  6.49000000e-01	 -1.35674996e+01	  1.09520736e-02
  6.59000000e-01	 -1.33526259e+01	  1.10682638e-02
  6.69000000e-01	 -1.31616947e+01	  1.13385756e-02
  6.79000000e-01	 -1.29601182e+01	  1.10441927e-02
  6.89000000e-01	 -1.27484946e+01	  9.60150161e-03
  6.99000000e-01	 -1.25540780e+01	  1.06501071e-02
  7.09000000e-01	 -1.23743812e+01	  1.14517350e-02
  7.19000000e-01	 -1.21592950e+01	  1.06590658e-02
  7.29000000e-01	 -1.19786795e+01	  1.07600183e-02
  7.39000000e-01	 -1.17635812e+01	  1.11314708e-02
  7.49000000e-01	 -1.15647731e+01	  1.14326990e-02
  7.59000000e-01	 -1.13628631e+01	  1.03151305e-02
  7.69000000e-01	 -1.11779397e+01	  7.91232144e-03
  7.79000000e-01	 -1.09583904e+01	  1.09991837e-02
  7.89000000e-01	 -1.07778860e+01	  9.12881810e-03
  7.99000000e-01	 -1.05882536e+01	  1.99476929e-02
  8.09000000e-01	 -1.03661218e+01	  2.14344640e-02
  8.19000000e-01	 -1.02171200e+01	  1.68409063e-02
  8.29000000e-01	 -1.00068721e+01	  1.65407886e-02
  8.39000000e-01	 -9.82867972e+00	  1.84104774e-02
  8.49000000e-01	 -9.67787898e+00	  1.71205213e-02
  8.59000000e-01	 -9.47070882e+00	  1.64673567e-02
  8.69000000e-01	 -9.27664401e+00	  1.40783433e-02
  8.79000000e-01	 -9.08737212e+00	  1.44424403e-02
  8.89000000e-01	 -8.95180787e+00	  1.34768825e-02
  8.99000000e-01	 -8.74842452e+00	  1.68340668e-02
  9.09000000e-01	 -8.55817689e+00	  1.70745740e-02
  9.19000000e-01	 -8.36052756e+00	  1.33501755e-02
  9.29000000e-01	 -8.20413244e+00	  1.31295611e-02
  9.39000000e-01	 -8.02367908e+00	  1.42422657e-02
  9.49000000e-01	 -7.86210766e+00	  1.51677536e-02
  9.59000000e-01	 -7.67824571e+00	  1.24527221e-02
  9.69000000e-01	 -7.51353694e+00	  1.22992260e-02
  9.79000000e-01	 -7.36095414e+00	  1.15981444e-02
  9.89000000e-01	 -7.18649034e+00	  1.25697848e-02
  9.99000000e-01	 -7.02788459e+00	  1.07201181e-02
  1.00900000e+00	 -6.89154756e+00	  1.25836213e-02
  1.01900000e+00	 -6.71977177e+00	  1.11876743e-02
  1.02900000e+00	 -6.54725064e+00	  1.12568409e-02
  1.03900000e+00	 -6.38728589e+00	  1.13093795e-02
  1.04900000e+00	 -6.24940467e+00	  1.08388686e-02
  1.05900000e+00	 -6.09124828e+00	  1.21346671e-02
  1.06900000e+00	 -5.95365533e+00	  1.09563610e-02
  1.07900000e+00	 -5.79780262e+00	  1.03785613e-02
  1.08900000e+00	 -5.64243474e+00	  9.53475695e-03
  1.09900000e+00	 -5.49404952e+00	  9.59837307e-03
  1.10900000e+00	 -5.35543802e+00	  1.13293251e-02
  1.11900000e+00	 -5.20264498e+00	  9.16704909e-03
  1.12900000e+00	 -5.07554105e+00	  1.02878289e-02
  1.13900000e+00	 -4.91357672e+00	  9.33470308e-03
  1.14900000e+00	 -4.79948310e+00	  9.92621043e-03
  1.15900000e+00	 -4.65364699e+00	  9.10671823e-03
  1.16900000e+00	 -4.53445616e+00	  9.34792767e-03
  1.17900000e+00	 -4.39550018e+00	  8.00096957e-03
  1.18900000e+00	 -4.26992482e+00	  9.40641802e-03
  1.19900000e+00	 -4.14939612e+00	  9.27201437e-03
  1.20900000e+00	 -4.00290988e+00	  8.27677350e-03
  1.21900000e+00	 -3.88754296e+00	  8.53413410e-03
  1.22900000e+00	 -3.77265623e+00	  8.77580681e-03
  1.23900000e+00	 -3.65528446e+00	  8.16348040e-03
  1.24900000e+00	 -3.54343237e+00	  4.26702212e-03
  1.25900000e+00	 -3.42820232e+00	  4.25763628e-03
  1.26900000e+00	 -3.31363093e+00	  4.24788911e-03
  1.27900000e+00	 -3.20500936e+00	  4.23467421e-03
  1.28900000e+00	 -3.09732740e+00	  4.23064433e-03
  1.29900000e+00	 -2.99027115e+00	  4.21687605e-03
  1.30900000e+00	 -2.88656604e+00	  4.21151967e-03
  1.31900000e+00	 -2.78350203e+00	  4.20518091e-03
  1.32900000e+00	 -2.68395208e+00	  4.19586729e-03
  1.33900000e+00	 -2.58631795e+00	  4.18372424e-03
  1.34900000e+00	 -2.49009390e+00	  4.17477895e-03
  1.35900000e+00	 -2.39668399e+00	  4.16527349e-03
  1.36900000e+00	 -2.30457399e+00	  4.14696405e-03
  1.37900000e+00	 -2.21502267e+00	  4.15063740e-03
  1.38900000e+00	 -2.12718707e+00	  4.14834188e-03
  1.39900000e+00	 -2.04214010e+00	  4.14143939e-03
  1.40900000e+00	 -1.95853931e+00	  4.11715005e-03
  1.41900000e+00	 -1.87664303e+00	  4.11314192e-03
  1.42900000e+00	 -1.79708332e+00	  4.10550567e-03
  1.43900000e+00	 -1.71945641e+00	  4.09360894e-03
  1.44900000e+00	 -1.64357150e+00	  4.09001876e-03
  1.45900000e+00	 -1.57020929e+00	  4.07800964e-03
  1.46900000e+00	 -1.49817135e+00	  4.07803058e-03
  1.47900000e+00	 -1.42846826e+00	  4.05262910e-03
  1.48900000e+00	 -1.36112211e+00	  4.05045428e-03
  1.49900000e+00	 -1.29481830e+00	  4.04100979e-03
  1.50900000e+00	 -1.23106307e+00	  2.27512043e-03
  1.51900000e+00	 -1.16867504e+00	  2.27769394e-03
  1.52900000e+00	 -1.10872775e+00	  2.25757793e-03
  1.53900000e+00	 -1.05024012e+00	  2.23737234e-03
  1.54900000e+00	 -9.93286561e-01	  2.22326046e-03
  1.55900000e+00	 -9.38665557e-01	  2.18412300e-03
  1.56900000e+00	 -8.85462893e-01	  2.19260493e-03
  1.57900000e+00	 -8.34359817e-01	  2.16475038e-03
  1.58900000e+00	 -7.84902191e-01	  2.14208306e-03
  1.59900000e+00	 -7.37002631e-01	  2.12162442e-03
  1.60900000e+00	 -6.91113758e-01	  2.10882936e-03
  1.61900000e+00	 -6.46875141e-01	  2.09926277e-03
  1.62900000e+00	 -6.03943446e-01	  2.09063787e-03
  1.63900000e+00	 -5.62848418e-01	  2.08474536e-03
  1.64900000e+00	 -5.23674736e-01	  2.06533251e-03
  1.65900000e+00	 -4.85647168e-01	  2.05101186e-03
  1.66900000e+00	 -4.49038160e-01	  2.02724323e-03
  1.67900000e+00	 -4.14630058e-01	  2.00037223e-03
  1.68900000e+00	 -3.80971929e-01	  2.00374996e-03
  1.69900000e+00	 -3.49211154e-01	  1.99008780e-03
  1.70900000e+00	 -3.18992793e-01	  1.96354416e-03
  1.71900000e+00	 -2.90070964e-01	  1.95471773e-03
  1.72900000e+00	 -2.62380762e-01	  1.92647924e-03
  1.73900000e+00	 -2.36259017e-01	  1.91027278e-03
  1.74900000e+00	 -2.11475198e-01	  1.90130969e-03
  1.75900000e+00	 -1.87839098e-01	  1.88304909e-03
  1.76900000e+00	 -1.65504310e-01	  1.87211275e-03
  1.77900000e+00	 -1.44466349e-01	  1.85470557e-03
  1.78900000e+00	 -1.24651735e-01	  1.85291482e-03
  1.79900000e+00	 -1.06135223e-01	  1.82141181e-03
  1.80900000e+00	 -8.83713420e-02	  1.81349225e-03
  1.81900000e+00	 -7.19863479e-02	  1.78542427e-03
  1.82900000e+00	 -5.68946137e-02	  1.76506182e-03
  1.83900000e+00	 -4.25020509e-02	  1.76872956e-03
  1.84900000e+00	 -2.92333582e-02	  1.74904596e-03
  1.85900000e+00	 -1.69203114e-02	  1.72248921e-03
  1.86900000e+00	 -5.63704861e-03	  1.72443932e-03
  1.87900000e+00	  4.77377902e-03	  1.70346094e-03
  1.88900000e+00	  1.40620329e-02	  1.68840596e-03
  1.89900000e+00	  2.28366584e-02	  1.68944740e-03
  1.90900000e+00	  3.05106685e-02	  1.66366181e-03
  1.91900000e+00	  3.80739464e-02	  1.66362262e-03
  1.92900000e+00	  4.40822765e-02	  1.62268665e-03
  1.93900000e+00	  4.96745419e-02	  1.61400069e-03
  1.94900000e+00	  5.43108020e-02	  1.59369942e-03
  1.95900000e+00	  5.84571535e-02	  1.57818199e-03
  1.96900000e+00	  6.18425767e-02	  1.58702058e-03
  1.97900000e+00	  6.48795406e-02	  1.55242314e-03
  1.98900000e+00	  6.75304658e-02	  1.53207274e-03
  1.99900000e+00	  6.90833948e-02	  1.52919131e-03
  2.00900000e+00	  7.02532043e-02	  1.50622909e-03
  2.01900000e+00	  7.11242600e-02	  1.49657901e-03
  2.02900000e+00	  7.14166600e-02	  1.48422664e-03
  2.03900000e+00	  7.18522056e-02	  1.47050468e-03
  2.04900000e+00	  7.08861254e-02	  1.44182315e-03
  2.05900000e+00	  7.03562825e-02	  1.44265776e-03
  2.06900000e+00	  6.91232666e-02	  1.42714905e-03
  2.07900000e+00	  6.77159288e-02	  1.40894602e-03
  2.08900000e+00	  6.58296989e-02	  1.39921124e-03
  2.09900000e+00	  6.41039780e-02	  1.38405904e-03
  2.10900000e+00	  6.16332985e-02	  1.34677911e-03
  2.11900000e+00	  5.89162315e-02	  1.36950739e-03
  2.12900000e+00	  5.61754784e-02	  1.34143662e-03
  2.13900000e+00	  5.32824215e-02	  1.31704776e-03
  2.14900000e+00	  5.02981494e-02	  1.30838460e-03
  2.15900000e+00	  4.74560482e-02	  1.27830705e-03
  2.16900000e+00	  4.38065349e-02	  1.28623459e-03
  2.17900000e+00	  4.08853845e-02	  1.26912382e-03
  2.18900000e+00	  3.70884869e-02	  1.26824070e-03
  2.19900000e+00	  3.36036297e-02	  1.24403660e-03
  2.20900000e+00	  3.07275333e-02	  1.20605115e-03
  2.21900000e+00	  2.69690083e-02	  1.20353896e-03
  2.22900000e+00	  2.35693934e-02	  1.19593009e-03
  2.23900000e+00	  1.96161342e-02	  1.18228650e-03
  2.24900000e+00	  1.64545398e-02	  1.16161703e-03
  2.25900000e+00	  1.34661413e-02	  1.14273752e-03
  2.26900000e+00	  9.87261383e-03	  1.16218343e-03
  2.27900000e+00	  6.65533076e-03	  1.12968856e-03
  2.28900000e+00	  3.38912862e-03	  1.12524988e-03
  2.29900000e+00	  5.03289001e-04	  1.10450279e-03
  2.30900000e+00	 -2.54112918e-03	  1.07613196e-03
  2.31900000e+00	 -5.30606930e-03	  1.05834088e-03
  2.32900000e+00	 -8.38421726e-03	  1.05442852e-03
  2.33900000e+00	 -1.06031497e-02	  1.03285300e-03
  2.34900000e+00	 -1.34168750e-02	  1.02545634e-03
  2.35900000e+00	 -1.54072277e-02	  1.01660821e-03
  2.36900000e+00	 -1.81539040e-02	  1.01684096e-03
  2.37900000e+00	 -2.01115326e-02	  1.00433371e-03
  2.38900000e+00	 -2.17456404e-02	  9.76246979e-04
  2.39900000e+00	 -2.36538778e-02	  9.72487129e-04
  2.40900000e+00	 -2.47384344e-02	  9.73675289e-04
  2.41900000e+00	 -2.63517426e-02	  9.50511948e-04
  2.42900000e+00	 -2.77522859e-02	  9.37812298e-04
  2.43900000e+00	 -2.87380777e-02	  9.25747752e-04
  2.44900000e+00	 -2.95916230e-02	  9.30979376e-04
  2.45900000e+00	 -3.05666618e-02	  8.82363918e-04
  2.46900000e+00	 -3.11019342e-02	  8.88390972e-04
  2.47900000e+00	 -3.15439329e-02	  8.70183461e-04
  2.48900000e+00	 -3.20791065e-02	  8.62839292e-04
  2.49900000e+00	 -3.19859674e-02	  8.38801976e-04
  2.50900000e+00	 -3.19662506e-02	  8.46387216e-04
  2.51900000e+00	 -3.19303841e-02	  8.28509600e-04
  2.52900000e+00	 -3.16046614e-02	  8.24177970e-04
  2.53900000e+00	 -3.14252042e-02	  7.80137534e-04
  2.54900000e+00	 -3.06979479e-02	  7.86318879e-04
  2.55900000e+00	 -2.98829863e-02	  7.91813837e-04
  2.56900000e+00	 -2.93896116e-02	  7.70988034e-04
  2.57900000e+00	 -2.83231989e-02	  7.54107160e-04
  2.58900000e+00	 -2.77040468e-02	  7.72231793e-04
  2.59900000e+00	 -2.65537281e-02	  7.33045888e-04
  2.60900000e+00	 -2.52648891e-02	  7.26948756e-04
  2.61900000e+00	 -2.42071692e-02	  7.22054777e-04
  2.62900000e+00	 -2.30562911e-02	  7.13861650e-04
  2.63900000e+00	 -2.18196108e-02	  6.89406328e-04
  2.64900000e+00	 -2.05009887e-02	  6.91262607e-04
  2.65900000e+00	 -1.89919835e-02	  6.82447228e-04
  2.66900000e+00	 -1.75554459e-02	  6.73738812e-04
  2.67900000e+00	 -1.60839651e-02	  6.62173872e-04
  2.68900000e+00	 -1.44560740e-02	  6.41780299e-04
  2.69900000e+00	 -1.30151875e-02	  6.38505924e-04
  2.70900000e+00	 -1.16207453e-02	  6.36209349e-04
  2.71900000e+00	 -9.89628163e-03	  5.98521737e-04
  2.72900000e+00	 -8.56672547e-03	  6.15293420e-04
  2.73900000e+00	 -6.99844446e-03	  5.99097960e-04
  2.74900000e+00	 -5.81792340e-03	  5.81143688e-04
  2.75900000e+00	 -4.65510839e-03	  5.83858470e-04
  2.76900000e+00	 -3.08658328e-03	  5.74658845e-04
  2.77900000e+00	 -1.88388621e-03	  5.62507165e-04
  2.78900000e+00	 -7.49285273e-04	  5.62953618e-04
  2.79900000e+00	  3.75095488e-04	  5.44881470e-04
  2.80900000e+00	  1.35067306e-03	  5.36369072e-04
  2.81900000e+00	  2.70875647e-03	  5.32561738e-04
  2.82900000e+00	  3.32948627e-03	  5.22839450e-04
  2.83900000e+00	  4.06380676e-03	  5.27805411e-04
  2.84900000e+00	  4.99669168e-03	  5.15302395e-04
  2.85900000e+00	  5.49895862e-03	  5.09063448e-04
  2.86900000e+00	  6.10950225e-03	  5.10173507e-04
  2.87900000e+00	  6.56671435e-03	  4.85573276e-04
  2.88900000e+00	  6.80825896e-03	  4.87404332e-04
  2.89900000e+00	  7.12416750e-03	  4.75069712e-04
  2.90900000e+00	  7.40044657e-03	  4.71457257e-04
  2.91900000e+00	  7.56775838e-03	  4.60199562e-04
  2.92900000e+00	  7.40253962e-03	  4.59900113e-04
  2.93900000e+00	  7.28229932e-03	  4.60414242e-04
  2.94900000e+00	  7.16775150e-03	  4.52678587e-04
  2.95900000e+00	  6.85882371e-03	  4.43343720e-04
  2.96900000e+00	  6.49777332e-03	  4.35060735e-04
  2.97900000e+00	  6.15844532e-03	  4.31069506e-04
  2.98900000e+00	  5.60366428e-03	  4.38844730e-04
  2.99900000e+00	  5.13845396e-03	  4.27331571e-04
  3.00900000e+00	  4.47200063e-03	  4.32121364e-04
  3.01900000e+00	  3.82304041e-03	  4.31312334e-04
  3.02900000e+00	  3.25969586e-03	  4.15491488e-04
  3.03900000e+00	  2.35384868e-03	  4.10278493e-04
  3.04900000e+00	  1.62080108e-03	  4.15425914e-04
  3.05900000e+00	  6.60323082e-04	  4.12827146e-04
  3.06900000e+00	  1.32264181e-04	  4.18521194e-04
  3.07900000e+00	 -8.61968632e-04	  4.04594389e-04
  3.08900000e+00	 -1.65357035e-03	  3.83287599e-04
  3.09900000e+00	 -2.42276179e-03	  4.01009951e-04
  3.10900000e+00	 -3.28493649e-03	  3.92521292e-04
  3.11900000e+00	 -3.95403614e-03	  3.96301401e-04
  3.12900000e+00	 -4.83798096e-03	  3.84378613e-04
  3.13900000e+00	 -5.58676564e-03	  4.01751417e-04
  3.14900000e+00	 -6.14244073e-03	  3.93496647e-04
  3.15900000e+00	 -6.86188923e-03	  3.97329085e-04
  3.16900000e+00	 -7.67014419e-03	  3.88571723e-04
  3.17900000e+00	 -8.28603112e-03	  3.98818225e-04
  3.18900000e+00	 -8.73453637e-03	  3.86504311e-04
  3.19900000e+00	 -9.30511839e-03	  3.90297147e-04
  3.20900000e+00	 -9.86458821e-03	  4.04557492e-04
  3.21900000e+00	 -1.04925625e-02	  3.95151475e-04
  3.22900000e+00	 -1.07444027e-02	  4.02792817e-04
  3.23900000e+00	 -1.09100983e-02	  3.99523498e-04
  3.24900000e+00	 -1.11623783e-02	  4.10567681e-04
  3.25900000e+00	 -1.13886403e-02	  4.12018314e-04
  3.26900000e+00	 -1.12574496e-02	  4.17852502e-04
  3.27900000e+00	 -1.14137541e-02	  4.10010874e-04
  3.28900000e+00	 -1.14935199e-02	  4.15408931e-04
  3.29900000e+00	 -1.14810635e-02	  4.23921972e-04
  3.30900000e+00	 -1.14518021e-02	  4.16865705e-04
  3.31900000e+00	 -1.13527447e-02	  4.18670808e-04
  3.32900000e+00	 -1.10862576e-02	  4.15745853e-04
  3.33900000e+00	 -1.09400474e-02	  4.27724224e-04
  3.34900000e+00	 -1.07112409e-02	  4.21678098e-04
  3.35900000e+00	 -1.01786944e-02	  4.19345330e-04
  3.36900000e+00	 -9.96650370e-03	  4.32601340e-04
  3.37900000e+00	 -9.58721721e-03	  4.40282868e-04
  3.38900000e+00	 -9.28739445e-03	  4.32795999e-04
  3.39900000e+00	 -8.77745531e-03	  4.39898400e-04
  3.40900000e+00	 -8.36417384e-03	  4.36747562e-04
  3.41900000e+00	 -8.00545807e-03	  4.43274799e-04
  3.42900000e+00	 -7.43179523e-03	  4.47750147e-04
  3.43900000e+00	 -6.85405781e-03	  4.45452831e-04
  3.44900000e+00	 -6.45272024e-03	  4.57207984e-04
  3.45900000e+00	 -5.84745723e-03	  4.51500605e-04
  3.46900000e+00	 -5.33081847e-03	  4.65804287e-04
  3.47900000e+00	 -4.91149765e-03	  4.61269020e-04
  3.48900000e+00	 -4.46465621e-03	  4.73011190e-04
  3.49900000e+00	 -3.92099175e-03	  4.81860674e-04
  3.50900000e+00	 -3.58592424e-03	  4.69658812e-04
  3.51900000e+00	 -3.08108136e-03	  4.76365035e-04
  3.52900000e+00	 -2.61688634e-03	  4.78476190e-04
  3.53900000e+00	 -2.42206889e-03	  4.82218473e-04
  3.54900000e+00	 -1.87347824e-03	  4.84861313e-04
  3.55900000e+00	 -1.54474811e-03	  4.89329825e-04
  3.56900000e+00	 -1.34847691e-03	  4.96070997e-04
  3.57900000e+00	 -9.11708675e-04	  4.93895645e-04
  3.58900000e+00	 -8.85922589e-04	  5.18127183e-04
  3.59900000e+00	 -7.16446052e-04	  5.00446921e-04
  3.60900000e+00	 -5.42472946e-04	  5.11579870e-04
  3.61900000e+00	 -2.28062331e-04	  5.17348512e-04
  3.62900000e+00	 -2.46129355e-04	  5.28486793e-04
  3.63900000e+00	 -2.63957685e-04	  5.24243033e-04
  3.64900000e+00	 -1.59527052e-04	  5.27100353e-04
  3.65900000e+00	 -1.49869247e-04	  5.24770766e-04
  3.66900000e+00	 -1.37376875e-04	  5.27688335e-04
  3.67900000e+00	 -3.31059908e-04	  5.31173605e-04
  3.68900000e+00	 -2.29125350e-04	  5.33278057e-04
  3.69900000e+00	 -3.58301231e-04	  5.41707521e-04
  3.70900000e+00	 -5.12008992e-04	  5.47912105e-04
  3.71900000e+00	 -6.53251255e-04	  5.47394185e-04
  3.72900000e+00	 -9.29995958e-04	  5.59041061e-04
  3.73900000e+00	 -1.07308636e-03	  5.51736384e-04
  3.74900000e+00	 -1.36129331e-03	  5.55637508e-04
  3.75900000e+00	 -1.60889520e-03	  5.64026559e-04
  3.76900000e+00	 -1.79741185e-03	  5.53476032e-04
  3.77900000e+00	 -2.03495512e-03	  5.64476887e-04
  3.78900000e+00	 -2.42520603e-03	  5.63043082e-04
  3.79900000e+00	 -2.70975485e-03	  5.69471495e-04
  3.80900000e+00	 -3.03567544e-03	  5.81827936e-04
  3.81900000e+00	 -3.37626211e-03	  5.73404832e-04
  3.82900000e+00	 -3.62443287e-03	  5.80795386e-04
  3.83900000e+00	 -3.85524455e-03	  5.90819880e-04
  3.84900000e+00	 -4.29628158e-03	  5.82392374e-04
  3.85900000e+00	 -4.63727225e-03	  5.82667728e-04
  3.86900000e+00	 -5.01047961e-03	  5.95080673e-04
  3.87900000e+00	 -5.23160455e-03	  5.80844776e-04
  3.88900000e+00	 -5.47292527e-03	  5.97320330e-04
  3.89900000e+00	 -5.73704849e-03	  5.96293850e-04
  3.90900000e+00	 -6.13614697e-03	  6.00205443e-04
  3.91900000e+00	 -6.34333779e-03	  6.04475698e-04
  3.92900000e+00	 -6.58511082e-03	  6.04694433e-04
  3.93900000e+00	 -6.83924029e-03	  6.15054702e-04
  3.94900000e+00	 -6.96254704e-03	  6.12022425e-04
  3.95900000e+00	 -7.23439997e-03	  6.11606281e-04
  3.96900000e+00	 -7.39949434e-03	  6.20483363e-04
  3.97900000e+00	 -7.41502278e-03	  6.21839189e-04
  3.98900000e+00	 -7.71986673e-03	  6.20026548e-04
  3.99900000e+00	 -7.73963928e-03	  6.24861158e-04
  4.00900000e+00	 -7.94631779e-03	  6.22099530e-04
  4.01900000e+00	 -7.99516827e-03	  6.21353991e-04
  4.02900000e+00	 -8.04615695e-03	  6.19665640e-04
  4.03900000e+00	 -8.04247190e-03	  6.22638314e-04
  4.04900000e+00	 -8.11050097e-03	  6.26071133e-04
  4.05900000e+00	 -8.15652850e-03	  6.29396190e-04
  4.06900000e+00	 -8.15980091e-03	  6.29146593e-04
  4.07900000e+00	 -8.26726329e-03	  6.25948422e-04
  4.08900000e+00	 -8.03231520e-03	  6.31108026e-04
  4.09900000e+00	 -8.14822496e-03	  6.34272046e-04
  4.10900000e+00	 -7.94786073e-03	  6.30327388e-04
  4.11900000e+00	 -7.92541095e-03	  6.37748696e-04
  4.12900000e+00	 -7.72452642e-03	  6.43832403e-04
  4.13900000e+00	 -7.64066336e-03	  6.36433221e-04
  4.14900000e+00	 -7.79210700e-03	  6.41299621e-04
  4.15900000e+00	 -7.46260716e-03	  6.45194816e-04
  4.16900000e+00	 -7.39640147e-03	  6.38144109e-04
  4.17900000e+00	 -7.13449701e-03	  6.45276678e-04
  4.18900000e+00	 -7.21553364e-03	  6.46405729e-04
  4.19900000e+00	 -7.13477964e-03	  6.44298358e-04
  4.20900000e+00	 -6.77585868e-03	  6.50763543e-04
  4.21900000e+00	 -6.52386317e-03	  6.43333677e-04
  4.22900000e+00	 -6.57190933e-03	  6.51826400e-04
  4.23900000e+00	 -6.32735936e-03	  6.64396975e-04
  4.24900000e+00	 -6.36370545e-03	  6.53837354e-04
  4.25900000e+00	 -6.26651695e-03	  6.49999013e-04
  4.26900000e+00	 -5.91640329e-03	  6.53024219e-04
  4.27900000e+00	 -5.90285764e-03	  6.53636831e-04
  4.28900000e+00	 -5.62354704e-03	  6.48281243e-04
  4.29900000e+00	 -5.71655662e-03	  6.52119039e-04
  4.30900000e+00	 -5.52719749e-03	  6.51992017e-04
  4.31900000e+00	 -5.29904062e-03	  6.49428051e-04
  4.32900000e+00	 -5.29546154e-03	  6.52903459e-04
  4.33900000e+00	 -5.19366564e-03	  6.58010802e-04
  4.34900000e+00	 -5.17888559e-03	  6.53702632e-04
  4.35900000e+00	 -5.10001136e-03	  6.62465686e-04
  4.36900000e+00	 -4.99963769e-03	  6.46274220e-04
  4.37900000e+00	 -4.89482037e-03	  6.55907310e-04
  4.38900000e+00	 -4.79562893e-03	  6.47905115e-04
  4.39900000e+00	 -4.77696293e-03	  6.56188259e-04
  4.40900000e+00	 -4.61810606e-03	  6.57662190e-04
  4.41900000e+00	 -4.73276613e-03	  6.49437043e-04
  4.42900000e+00	 -4.73252668e-03	  6.55292761e-04
  4.43900000e+00	 -4.66116736e-03	  6.48353399e-04
  4.44900000e+00	 -4.68472671e-03	  6.51737658e-04
  4.45900000e+00	 -4.75351532e-03	  6.49127997e-04
  4.46900000e+00	 -4.75546780e-03	  6.56063718e-04
  4.47900000e+00	 -4.74125876e-03	  6.54916975e-04
  4.48900000e+00	 -4.81218053e-03	  6.47231224e-04
  4.49900000e+00	 -4.83481429e-03	  6.45295016e-04
  4.50900000e+00	 -4.80115088e-03	  6.49090435e-04
  4.51900000e+00	 -4.90208275e-03	  6.48793458e-04
  4.52900000e+00	 -4.97131039e-03	  6.54156849e-04
  4.53900000e+00	 -5.13715332e-03	  6.48488059e-04
  4.54900000e+00	 -5.08776688e-03	  6.49793280e-04
  4.55900000e+00	 -5.11635918e-03	  6.41317388e-04
  4.56900000e+00	 -5.06932467e-03	  6.46461075e-04
  4.57900000e+00	 -5.31123898e-03	  6.39536012e-04
  4.58900000e+00	 -5.28377847e-03	  6.43166751e-04
  4.59900000e+00	 -5.46696661e-03	  6.43912647e-04
  4.60900000e+00	 -5.48929788e-03	  6.40878923e-04
  4.61900000e+00	 -5.56379712e-03	  6.38675110e-04
  4.62900000e+00	 -5.58485996e-03	  6.35316964e-04
  4.63900000e+00	 -5.77746559e-03	  6.33621486e-04
  4.64900000e+00	 -5.78571911e-03	  6.34797586e-04
  4.65900000e+00	 -5.78219395e-03	  6.31952723e-04
  4.66900000e+00	 -5.82389913e-03	  6.29361756e-04
  4.67900000e+00	 -5.89779994e-03	  6.26310095e-04
  4.68900000e+00	 -5.87842943e-03	  6.29743449e-04
  4.69900000e+00	 -6.06987947e-03	  6.34518377e-04
  4.70900000e+00	 -6.09208793e-03	  6.24582521e-04
  4.71900000e+00	 -6.18102352e-03	  6.19564425e-04
  4.72900000e+00	 -6.17508815e-03	  6.28064671e-04
  4.73900000e+00	 -6.06032780e-03	  6.20815760e-04
  4.74900000e+00	 -6.12480941e-03	  6.22222492e-04
  4.75900000e+00	 -6.14427405e-03	  6.16044610e-04
  4.76900000e+00	 -6.15693799e-03	  6.17210120e-04
  4.77900000e+00	 -6.30292600e-03	  6.16104944e-04
  4.78900000e+00	 -6.14467054e-03	  6.05613246e-04
  4.79900000e+00	 -6.22435772e-03	  6.08406951e-04
  4.80900000e+00	 -6.20003143e-03	  6.01353721e-04
  4.81900000e+00	 -6.20008778e-03	  6.09581693e-04
  4.82900000e+00	 -6.12220347e-03	  6.06040783e-04
  4.83900000e+00	 -6.18846895e-03	  5.94166564e-04
  4.84900000e+00	 -6.11653424e-03	  5.99162951e-04
  4.85900000e+00	 -6.08652022e-03	  5.98278933e-04
  4.86900000e+00	 -5.95246255e-03	  5.97653903e-04
  4.87900000e+00	 -5.90423335e-03	  5.92930630e-04
  4.88900000e+00	 -5.91041309e-03	  5.85634412e-04
  4.89900000e+00	 -5.98728922e-03	  5.89951439e-04
  4.90900000e+00	 -5.86176032e-03	  5.87437293e-04
  4.91900000e+00	 -5.84552819e-03	  5.84330218e-04
  4.92900000e+00	 -5.78154733e-03	  5.79992138e-04
  4.93900000e+00	 -5.67828924e-03	  5.76200375e-04
  4.94900000e+00	 -5.52024914e-03	  5.74413291e-04
  4.95900000e+00	 -5.50364128e-03	  5.73734913e-04
  4.96900000e+00	 -5.51620147e-03	  5.69344438e-04
  4.97900000e+00	 -5.35426728e-03	  5.68826534e-04
  4.98900000e+00	 -5.30194638e-03	  5.69898963e-04
  4.99900000e+00	 -5.28746942e-03	  5.58707696e-04
  5.00900000e+00	 -5.22514202e-03	  5.59853179e-04

